19
0.9872509241104126 0.9872509241104126 0.9872509241104126 0.9872509241104126 0.9872509241104126 0.9872509241104126 0.9872509241104126 0.9872509241104126 0.9872509241104126 0.9872509241104126 0.9872509241104126 0.9872509241104126 0.9872509241104126 0.9872509241104126 0.9872509241104126 0.9872509241104126 0.9872509241104126 0.9872509241104126 1.0127489566802979 1.0121228694915771 0.9872509241104126 1.0127489566802979 1.0005832910537720 0.9872509241104126 0.9872509241104126 0.9872509241104126 1.0122938156127930 0.9925410747528076 0.9872509241104126 1.0026079416275024 0.9872509241104126 0.9872509241104126 0.9872509241104126 0.9872509241104126 0.9872509241104126 0.9872509241104126 0.9872509241104126 0.9872509241104126 0.9872509241104126 0.9872509241104126 0.9872509241104126 0.9872509241104126 1.0127489566802979 1.0023958683013916 0.9872509241104126 1.0114868879318237 0.9872509241104126 0.9872509241104126 0.9872509241104126 0.9872509241104126 1.0017549991607666 0.9872838854789734 0.9872509241104126 0.9873182773590088 0.9872509241104126 0.9872509241104126 0.9872509241104126 0.9872509241104126 0.9872509241104126 0.9872509241104126 0.9872509241104126 0.9872509241104126 0.9872509241104126 0.9872509241104126 0.9872509241104126 0.9872509241104126 0.9872509241104126 0.9872509241104126 0.9872509241104126 0.9872509241104126 0.9872509241104126 0.9872509241104126 0.9872509241104126 0.9872509241104126 0.9872509241104126 0.9872509241104126 0.9872509241104126 0.9872509241104126 0.9872509241104126 0.9872509241104126 0.9872509241104126 0.9872509241104126 0.9872509241104126 0.9872509241104126 0.9872509241104126 0.9872509241104126 0.9872509241104126 0.9872509241104126 0.9872509241104126 0.9872509241104126 0.9872509241104126 0.9872509241104126 0.9872509241104126 0.9872509241104126 0.9872509241104126 0.9872509241104126 0.9872509241104126 0.9872509241104126 0.9872509241104126 0.9872509241104126 0.9872509241104126 0.9872509241104126 0.9872509241104126 0.9872509241104126 0.9872509241104126 0.9872509241104126 0.9872509241104126 0.9872509241104126 0.9872509241104126 0.9872509241104126 0.9872509241104126 0.9872509241104126 0.9872509241104126 0.9872509241104126 0.9872509241104126 0.9872509241104126 0.9872509241104126 0.9872509241104126 0.9872509241104126 0.9872509241104126 0.9872509241104126 0.9872509241104126 0.9872509241104126 0.9872509241104126 0.9872509241104126 0.9872509241104126 0.9872509241104126 0.9872509241104126
0.9872509241104126 0.9872509241104126 0.9872509241104126 0.9872509241104126 0.9872509241104126 0.9872509241104126 0.9872509241104126 0.9872509241104126 0.9872509241104126 0.9872509241104126 0.9975026845932007 0.9872509241104126 0.9872509241104126 0.9923877120018005 0.9872509241104126 0.9872509241104126 0.9872509241104126 0.9987896680831909 1.0127489566802979 0.9876900911331177 0.9874078035354614 1.0127489566802979 0.9922083616256714 1.0036379098892212 0.9872509241104126 0.9872509241104126 0.9876401424407959 0.9872509241104126 0.9872509241104126 0.9873299598693848 0.9872509241104126 0.9872509241104126 0.9872509241104126 0.9872509241104126 0.9872509241104126 0.9872509241104126 0.9872509241104126 0.9872509241104126 0.9872509241104126 0.9872509241104126 0.9872509241104126 0.9920549988746643 1.0127489566802979 0.9872509241104126 0.9872509241104126 1.0127489566802979 0.9880317449569702 0.9903842806816101 0.9872509241104126 0.9872509241104126 0.9933893084526062 0.9872509241104126 0.9872509241104126 0.9877937436103821 0.9872509241104126 0.9872509241104126 0.9872509241104126 0.9872509241104126 1.0045934915542603 0.9872509241104126 0.9872509241104126 0.9903725981712341 0.9872509241104126 0.9933852553367615 0.9872509241104126 0.9872509241104126 0.9872509241104126 0.9872509241104126 0.9872509241104126 0.9872509241104126 0.9872509241104126 0.9872509241104126 0.9872509241104126 0.9872509241104126 1.0127489566802979 0.9872509241104126 0.9872509241104126 0.9941740036010742 0.9872509241104126 0.9872509241104126 0.9872509241104126 1.0127489566802979 1.0127489566802979 1.0127489566802979 1.0110898017883301 1.0127489566802979 1.0127489566802979 0.9925712943077087 0.9872509241104126 0.9872509241104126 1.0127489566802979 0.9961866736412048 0.9872509241104126 1.0127489566802979 0.9872509241104126 0.9872509241104126 0.9872509241104126 0.9872509241104126 1.0106935501098633 0.9872509241104126 0.9872509241104126 0.9873469471931458 0.9872509241104126 0.9872509241104126 0.9872509241104126 0.9951157569885254 1.0127489566802979 1.0127489566802979 0.9874900579452515 1.0127489566802979 1.0127489566802979 0.9872509241104126 0.9872509241104126 0.9872509241104126 1.0127489566802979 0.9872509241104126 0.9872509241104126 1.0127489566802979 0.9872509241104126 0.9872509241104126 0.9872509241104126 0.9872509241104126 0.9930447936058044 0.9872509241104126 0.9872509241104126 0.9872509241104126 0.9872509241104126 0.9872509241104126
1.0000000000000000 1.0000000000000000 1.0000000000000000 1.0000000000000000 1.0000000000000000 1.0000000000000000 1.0000000000000000 1.0000000000000000 1.0000000000000000 1.0000000000000000 1.0000000000000000 1.0000000000000000 1.0000000000000000 1.0000000000000000 1.0000000000000000 1.0000000000000000 1.0000000000000000 1.0000000000000000 1.0000000000000000 1.0000000000000000 1.0000000000000000 1.0000000000000000 1.0000000000000000 1.0000000000000000 1.0000000000000000 1.0000000000000000 1.0000000000000000 1.0000000000000000 1.0000000000000000 1.0000000000000000 1.0000000000000000 1.0000000000000000 1.0000000000000000 1.0000000000000000 1.0000000000000000 1.0000000000000000 1.0000000000000000 1.0000000000000000 1.0000000000000000 1.0000000000000000 1.0000000000000000 1.0000000000000000 1.0000000000000000 1.0000000000000000 1.0000000000000000 1.0000000000000000 1.0000000000000000 1.0000000000000000 1.0000000000000000 1.0000000000000000 1.0000000000000000 1.0000000000000000 1.0000000000000000 1.0000000000000000 1.0000000000000000 1.0000000000000000 1.0000000000000000 1.0000000000000000 1.0000000000000000 1.0000000000000000 1.0000000000000000 1.0000000000000000 1.0000000000000000 1.0000000000000000 1.0000000000000000 1.0000000000000000 1.0000000000000000 1.0000000000000000 1.0000000000000000 1.0000000000000000 1.0000000000000000 1.0000000000000000 1.0000000000000000 1.0000000000000000 1.0000000000000000 1.0000000000000000 1.0000000000000000 1.0000000000000000 1.0000000000000000 1.0000000000000000 1.0000000000000000 1.0000000000000000 1.0000000000000000 1.0000000000000000 1.0000000000000000 1.0000000000000000 1.0000000000000000 1.0000000000000000 1.0000000000000000 1.0000000000000000 1.0000000000000000 1.0000000000000000 1.0000000000000000 1.0000000000000000 1.0000000000000000 1.0000000000000000 1.0000000000000000 1.0000000000000000 1.0000000000000000 1.0000000000000000 1.0000000000000000 1.0000000000000000 1.0000000000000000 1.0000000000000000 1.0000000000000000 1.0000000000000000 1.0000000000000000 1.0000000000000000 1.0000000000000000 1.0000000000000000 1.0000000000000000 1.0000000000000000 1.0000000000000000 1.0000000000000000 1.0000000000000000 1.0000000000000000 1.0000000000000000 1.0000000000000000 1.0000000000000000 1.0000000000000000 1.0000000000000000 1.0000000000000000 1.0000000000000000 1.0000000000000000 1.0000000000000000 1.0000000000000000 1.0000000000000000 1.0000000000000000
1.0000000000000000 1.0000000000000000 1.0000000000000000 1.0000000000000000 1.0000000000000000 1.0000000000000000 1.0000000000000000 1.0000000000000000 1.0000000000000000 1.0000000000000000 1.0000000000000000 1.0000000000000000 1.0000000000000000 1.0000000000000000 1.0000000000000000 1.0000000000000000 1.0000000000000000 1.0000000000000000 1.0000000000000000 1.0000001192092896 1.0000000000000000 1.0000000000000000 1.0000000000000000 1.0000000000000000 1.0000000000000000 1.0000000000000000 1.0000001192092896 1.0000001192092896 1.0000000000000000 1.0000000000000000 1.0000000000000000 1.0000000000000000 1.0000000000000000 1.0000000000000000 1.0000000000000000 1.0000000000000000 1.0000000000000000 1.0000000000000000 1.0000000000000000 1.0000000000000000 1.0000000000000000 1.0000000000000000 1.0000000000000000 1.0000000000000000 1.0000000000000000 1.0000000000000000 1.0000000000000000 1.0000000000000000 1.0000000000000000 1.0000000000000000 1.0000000000000000 1.0000000000000000 1.0000000000000000 1.0000000000000000 1.0000000000000000 1.0000000000000000 1.0000000000000000 1.0000000000000000 1.0000000000000000 1.0000000000000000 1.0000000000000000 1.0000000000000000 1.0000000000000000 1.0000000000000000 1.0000000000000000 1.0000000000000000 1.0000000000000000 1.0000000000000000 1.0000000000000000 1.0000000000000000 1.0000000000000000 1.0000000000000000 1.0000000000000000 1.0000000000000000 1.0000000000000000 1.0000000000000000 1.0000000000000000 1.0000000000000000 1.0000000000000000 1.0000000000000000 1.0000000000000000 1.0000000000000000 1.0000001192092896 1.0000001192092896 1.0000000000000000 1.0000000000000000 1.0000000000000000 1.0000000000000000 1.0000000000000000 1.0000000000000000 1.0000001192092896 1.0000001192092896 1.0000000000000000 1.0000000000000000 1.0000000000000000 1.0000000000000000 1.0000000000000000 1.0000000000000000 1.0000000000000000 1.0000000000000000 1.0000000000000000 1.0000000000000000 1.0000000000000000 1.0000000000000000 1.0000000000000000 1.0000000000000000 1.0000000000000000 1.0000000000000000 1.0000000000000000 1.0000000000000000 1.0000000000000000 1.0000000000000000 1.0000000000000000 1.0000000000000000 1.0000000000000000 1.0000000000000000 1.0000000000000000 1.0000000000000000 1.0000000000000000 1.0000000000000000 1.0000000000000000 1.0000000000000000 1.0000000000000000 1.0000000000000000 1.0000000000000000 1.0000000000000000 1.0000000000000000 1.0000000000000000
1.0000000000000000 1.0000001192092896 1.0000001192092896 1.0000001192092896 1.0000001192092896 1.0000000000000000 1.0000000000000000 1.0000000000000000 1.0000000000000000 1.0000001192092896 1.0000001192092896 1.0000001192092896 1.0000001192092896 1.0000001192092896 1.0000000000000000 1.0000000000000000 1.0000001192092896 1.0000001192092896 1.0000002384185791 1.0000003576278687 1.0000002384185791 1.0000001192092896 1.0000001192092896 1.0000000000000000 1.0000001192092896 1.0000001192092896 1.0000003576278687 1.0000004768371582 1.0000004768371582 1.0000001192092896 1.0000001192092896 1.0000000000000000 1.0000001192092896 1.0000001192092896 1.0000004768371582 1.0000005960464478 1.0000004768371582 1.0000001192092896 1.0000001192092896 1.0000000000000000 1.0000000000000000 1.0000001192092896 1.0000001192092896 1.0000001192092896 1.0000001192092896 1.0000001192092896 1.0000000000000000 1.0000000000000000 1.0000000000000000 1.0000000000000000 1.0000001192092896 1.0000001192092896 1.0000001192092896 1.0000000000000000 1.0000000000000000 1.0000000000000000 1.0000000000000000 1.0000000000000000 1.0000000000000000 1.0000001192092896 1.0000000000000000 1.0000000000000000 1.0000000000000000 1.0000000000000000 1.0000001192092896 1.0000001192092896 1.0000001192092896 1.0000001192092896 1.0000001192092896 1.0000000000000000 1.0000000000000000 1.0000000000000000 1.0000001192092896 1.0000001192092896 1.0000002384185791 1.0000002384185791 1.0000001192092896 1.0000001192092896 1.0000000000000000 1.0000000000000000 1.0000001192092896 1.0000002384185791 1.0000003576278687 1.0000004768371582 1.0000002384185791 1.0000001192092896 1.0000000000000000 1.0000000000000000 1.0000001192092896 1.0000003576278687 1.0000005960464478 1.0000005960464478 1.0000003576278687 1.0000001192092896 1.0000000000000000 1.0000001192092896 1.0000001192092896 1.0000001192092896 1.0000003576278687 1.0000003576278687 1.0000001192092896 1.0000001192092896 1.0000000000000000 1.0000000000000000 1.0000000000000000 1.0000001192092896 1.0000001192092896 1.0000001192092896 1.0000001192092896 1.0000000000000000 1.0000000000000000 1.0000000000000000 1.0000000000000000 1.0000000000000000 1.0000001192092896 1.0000001192092896 1.0000000000000000 1.0000000000000000 1.0000000000000000 1.0000000000000000 1.0000000000000000 1.0000000000000000 1.0000001192092896 1.0000001192092896 1.0000000000000000 1.0000000000000000 1.0000000000000000 1.0000000000000000
1.0000001192092896 1.0000005960464478 1.0000020265579224 1.0000036954879761 1.0000029802322388 1.0000007152557373 1.0000001192092896 1.0000000000000000 1.0000005960464478 1.0000025033950806 1.0000060796737671 1.0000073909759521 1.0000069141387939 1.0000050067901611 1.0000010728836060 1.0000000000000000 1.0000020265579224 1.0000060796737671 1.0000092983245850 1.0000120401382446 1.0000110864639282 1.0000077486038208 1.0000042915344238 1.0000010728836060 1.0000035762786865 1.0000078678131104 1.0000121593475342 1.0000152587890625 1.0000145435333252 1.0000096559524536 1.0000057220458984 1.0000034570693970 1.0000028610229492 1.0000067949295044 1.0000114440917969 1.0000141859054565 1.0000135898590088 1.0000085830688477 1.0000053644180298 1.0000023841857910 1.0000011920928955 1.0000044107437134 1.0000078678131104 1.0000097751617432 1.0000089406967163 1.0000060796737671 1.0000026226043701 1.0000007152557373 1.0000002384185791 1.0000011920928955 1.0000041723251343 1.0000060796737671 1.0000054836273193 1.0000028610229492 1.0000001192092896 1.0000002384185791 1.0000000000000000 1.0000002384185791 1.0000015497207642 1.0000030994415283 1.0000026226043701 1.0000005960464478 1.0000000000000000 1.0000000000000000 1.0000005960464478 1.0000019073486328 1.0000046491622925 1.0000052452087402 1.0000042915344238 1.0000007152557373 1.0000001192092896 1.0000001192092896 1.0000022649765015 1.0000066757202148 1.0000087022781372 1.0000092983245850 1.0000076293945312 1.0000047683715820 1.0000013113021851 1.0000007152557373 1.0000051259994507 1.0000085830688477 1.0000127553939819 1.0000147819519043 1.0000109672546387 1.0000070333480835 1.0000041723251343 1.0000023841857910 1.0000052452087402 1.0000094175338745 1.0000140666961670 1.0000153779983521 1.0000125169754028 1.0000070333480835 1.0000047683715820 1.0000026226043701 1.0000036954879761 1.0000075101852417 1.0000110864639282 1.0000112056732178 1.0000090599060059 1.0000058412551880 1.0000026226043701 1.0000016689300537 1.0000008344650269 1.0000045299530029 1.0000070333480835 1.0000075101852417 1.0000057220458984 1.0000026226043701 1.0000004768371582 1.0000002384185791 1.0000002384185791 1.0000016689300537 1.0000034570693970 1.0000042915344238 1.0000028610229492 1.0000004768371582 1.0000000000000000 1.0000000000000000 1.0000001192092896 1.0000009536743164 1.0000023841857910 1.0000032186508179 1.0000017881393433 1.0000001192092896 1.0000000000000000 1.0000000000000000
1.0000007152557373 1.0000075101852417 1.0000177621841431 1.0000218152999878 1.0000203847885132 1.0000127553939819 1.0000038146972656 1.0000001192092896 1.0000083446502686 1.0000184774398804 1.0000286102294922 1.0000350475311279 1.0000320672988892 1.0000251531600952 1.0000125169754028 1.0000063180923462 1.0000183582305908 1.0000293254852295 1.0000427961349487 1.0000516176223755 1.0000497102737427 1.0000371932983398 1.0000238418579102 1.0000149011611938 1.0000245571136475 1.0000356435775757 1.0000519752502441 1.0000592470169067 1.0000573396682739 1.0000454187393188 1.0000294446945190 1.0000222921371460 1.0000207424163818 1.0000337362289429 1.0000488758087158 1.0000578165054321 1.0000548362731934 1.0000420808792114 1.0000270605087280 1.0000185966491699 1.0000134706497192 1.0000245571136475 1.0000367164611816 1.0000430345535278 1.0000412464141846 1.0000299215316772 1.0000183582305908 1.0000112056732178 1.0000033378601074 1.0000100135803223 1.0000219345092773 1.0000281333923340 1.0000251531600952 1.0000177621841431 1.0000061988830566 1.0000025033950806 0.9999996423721313 1.0000048875808716 1.0000134706497192 1.0000189542770386 1.0000162124633789 1.0000094175338745 1.0000015497207642 0.9999988675117493 1.0000073909759521 1.0000180006027222 1.0000263452529907 1.0000277757644653 1.0000232458114624 1.0000126361846924 1.0000028610229492 1.0000023841857910 1.0000191926956177 1.0000308752059937 1.0000412464141846 1.0000435113906860 1.0000373125076294 1.0000252723693848 1.0000141859054565 1.0000110864639282 1.0000275373458862 1.0000414848327637 1.0000549554824829 1.0000560283660889 1.0000504255294800 1.0000344514846802 1.0000225305557251 1.0000193119049072 1.0000302791595459 1.0000439882278442 1.0000572204589844 1.0000600814819336 1.0000528097152710 1.0000364780426025 1.0000234842300415 1.0000209808349609 1.0000241994857788 1.0000365972518921 1.0000492334365845 1.0000516176223755 1.0000448226928711 1.0000294446945190 1.0000187158584595 1.0000139474868774 1.0000113248825073 1.0000233650207520 1.0000336170196533 1.0000350475311279 1.0000292062759399 1.0000176429748535 1.0000073909759521 1.0000056028366089 1.0000023841857910 1.0000114440917969 1.0000193119049072 1.0000206232070923 1.0000164508819580 1.0000073909759521 1.0000005960464478 1.0000000000000000 1.0000013113021851 1.0000092983245850 1.0000172853469849 1.0000180006027222 1.0000131130218506 1.0000058412551880 0.9999999403953552 0.9999984502792358
0.9999912977218628 1.0000236034393311 1.0000555515289307 1.0000793933868408 1.0000704526901245 1.0000410079956055 1.0000078678131104 0.9999861121177673 1.0000212192535400 1.0000623464584351 1.0001075267791748 1.0001348257064819 1.0001292228698730 1.0000873804092407 1.0000405311584473 1.0000164508819580 1.0000611543655396 1.0001075267791748 1.0001606941223145 1.0001975297927856 1.0001891851425171 1.0001355409622192 1.0000749826431274 1.0000512599945068 1.0000853538513184 1.0001404285430908 1.0001990795135498 1.0002452135086060 1.0002365112304688 1.0001714229583740 1.0001014471054077 1.0000745058059692 1.0000742673873901 1.0001333951950073 1.0001888275146484 1.0002341270446777 1.0002250671386719 1.0001648664474487 1.0000926256179810 1.0000622272491455 1.0000482797622681 1.0000891685485840 1.0001344680786133 1.0001679658889771 1.0001606941223145 1.0001107454299927 1.0000531673431396 1.0000354051589966 0.9999997615814209 1.0000300407409668 1.0000690221786499 1.0000902414321899 1.0000863075256348 1.0000500679016113 1.0000127553939819 0.9999988079071045 0.9999840855598450 1.0000098943710327 1.0000401735305786 1.0000623464584351 1.0000540018081665 1.0000280141830444 0.9999957084655762 0.9999819397926331 1.0000182390213013 1.0000507831573486 1.0000910758972168 1.0001012086868286 1.0000801086425781 1.0000361204147339 1.0000081062316895 0.9999966621398926 1.0000555515289307 1.0000962018966675 1.0001456737518311 1.0001602172851562 1.0001275539398193 1.0000755786895752 1.0000399351119995 1.0000308752059937 1.0000967979431152 1.0001487731933594 1.0002022981643677 1.0002259016036987 1.0001817941665649 1.0001220703125000 1.0000721216201782 1.0000643730163574 1.0001124143600464 1.0001639127731323 1.0002247095108032 1.0002505779266357 1.0002039670944214 1.0001353025436401 1.0000832080841064 1.0000710487365723 1.0000836849212646 1.0001304149627686 1.0001796483993530 1.0001996755599976 1.0001627206802368 1.0001019239425659 1.0000565052032471 1.0000417232513428 1.0000356435775757 1.0000709295272827 1.0001174211502075 1.0001295804977417 1.0000988245010376 1.0000523328781128 1.0000206232070923 1.0000135898590088 0.9999984502792358 1.0000281333923340 1.0000610351562500 1.0000735521316528 1.0000494718551636 1.0000182390213013 0.9999914169311523 0.9999803900718689 0.9999969005584717 1.0000228881835938 1.0000549554824829 1.0000622272491455 1.0000382661819458 1.0000108480453491 0.9999862909317017 0.9999797940254211
0.9998489618301392 0.9999861717224121 1.0001288652420044 1.0002218484878540 1.0001686811447144 1.0000708103179932 1.0000314712524414 0.9998618960380554 0.9999968409538269 1.0001651048660278 1.0003188848495483 1.0004986524581909 1.0004199743270874 1.0002567768096924 1.0001653432846069 0.9999921917915344 1.0001611709594727 1.0003416538238525 1.0004885196685791 1.0007314682006836 1.0006808042526245 1.0004309415817261 1.0002532005310059 1.0000885725021362 1.0002772808074951 1.0005269050598145 1.0007385015487671 1.0009645223617554 1.0009025335311890 1.0006381273269653 1.0004303455352783 1.0002419948577881 1.0002063512802124 1.0004580020904541 1.0006721019744873 1.0008928775787354 1.0008082389831543 1.0005640983581543 1.0003674030303955 1.0001481771469116 1.0000622272491455 1.0002826452255249 1.0004166364669800 1.0006206035614014 1.0005476474761963 1.0003379583358765 1.0001753568649292 1.0000222921371460 0.9999794960021973 1.0001273155212402 1.0002293586730957 1.0004035234451294 1.0003384351730347 1.0001673698425293 1.0000598430633545 0.9999714493751526 0.9998387694358826 0.9999843239784241 1.0000666379928589 1.0001689195632935 1.0001256465911865 1.0000123977661133 0.9999200105667114 0.9998198151588440 0.9999914765357971 1.0002346038818359 1.0003415346145630 1.0003677606582642 1.0002577304840088 1.0001378059387207 1.0000116825103760 0.9998809695243835 1.0002043247222900 1.0004369020462036 1.0005828142166138 1.0006897449493408 1.0005449056625366 1.0003178119659424 1.0001316070556641 1.0000357627868652 1.0003402233123779 1.0005952119827271 1.0007957220077515 1.0009011030197144 1.0007266998291016 1.0004310607910156 1.0002708435058594 1.0001510381698608 1.0003807544708252 1.0007115602493286 1.0009019374847412 1.0009924173355103 1.0008226633071899 1.0005245208740234 1.0003206729888916 1.0001974105834961 1.0002689361572266 1.0005471706390381 1.0007252693176270 1.0007996559143066 1.0006536245346069 1.0003849267959595 1.0001620054244995 1.0000801086425781 1.0001634359359741 1.0003291368484497 1.0004109144210815 1.0004874467849731 1.0003765821456909 1.0001536607742310 1.0000349283218384 0.9999673366546631 1.0000026226043701 1.0001084804534912 1.0001990795135498 1.0002471208572388 1.0001736879348755 1.0000164508819580 0.9999436140060425 0.9998569488525391 0.9998927116394043 1.0000377893447876 1.0001302957534790 1.0001710653305054 1.0000734329223633 0.9999917745590210 0.9998787045478821 0.9997787475585938
0.9987629055976868 0.9997846484184265 1.0004402399063110 1.0003578662872314 1.0002231597900391 0.9998055696487427 0.9999233484268188 0.9988214373588562 0.9998024106025696 1.0011125802993774 1.0019354820251465 1.0020053386688232 1.0020264387130737 1.0012649297714233 1.0010521411895752 0.9996365308761597 1.0004466772079468 1.0019724369049072 1.0033078193664551 1.0032874345779419 1.0032736063003540 1.0023386478424072 1.0017845630645752 1.0003159046173096 1.0004837512969971 1.0020993947982788 1.0033574104309082 1.0032997131347656 1.0032476186752319 1.0023543834686279 1.0018291473388672 1.0002601146697998 1.0003226995468140 1.0020538568496704 1.0032958984375000 1.0031989812850952 1.0031397342681885 1.0023431777954102 1.0018194913864136 1.0001831054687500 0.9998433589935303 1.0011970996856689 1.0022947788238525 1.0022608041763306 1.0022660493850708 1.0013788938522339 1.0010448694229126 0.9996473193168640 0.9998118281364441 1.0008366107940674 1.0016753673553467 1.0016839504241943 1.0017080307006836 1.0010677576065063 1.0007256269454956 0.9996629357337952 0.9987620115280151 0.9995622634887695 1.0002237558364868 1.0001291036605835 1.0000900030136108 0.9996554255485535 0.9996084570884705 0.9988049864768982 0.9993870258331299 1.0000600814819336 1.0007349252700806 1.0006406307220459 1.0002167224884033 1.0000889301300049 0.9995878934860229 0.9989367127418518 1.0001581907272339 1.0010813474655151 1.0021862983703613 1.0021338462829590 1.0013777017593384 1.0011163949966431 1.0004096031188965 0.9996338486671448 1.0008461475372314 1.0022586584091187 1.0032713413238525 1.0031135082244873 1.0024315118789673 1.0021172761917114 1.0010956525802612 1.0002838373184204 1.0008447170257568 1.0021563768386841 1.0031131505966187 1.0029485225677490 1.0022397041320801 1.0020260810852051 1.0009512901306152 1.0000597238540649 1.0003489255905151 1.0014308691024780 1.0024039745330811 1.0021728277206421 1.0014866590499878 1.0013343095779419 1.0005367994308472 0.9996610879898071 1.0000708103179932 1.0010770559310913 1.0020291805267334 1.0019307136535645 1.0013238191604614 1.0010181665420532 1.0003157854080200 0.9997020363807678 0.9995123147964478 1.0003192424774170 1.0009745359420776 1.0008456707000732 1.0004105567932129 1.0003573894500732 0.9996044635772705 0.9992188215255737 0.9988398551940918 0.9995697140693665 1.0001589059829712 0.9999495148658752 0.9996094107627869 0.9996533393859863 0.9993490576744080 0.9985553622245789
0.9946830272674561 0.9946814179420471 0.9983054995536804 0.9966388940811157 0.9949303865432739 0.9970993995666504 0.9957257509231567 0.9952932596206665 0.9946327209472656 0.9955494999885559 1.0037459135055542 1.0024352073669434 0.9971196651458740 1.0010929107666016 0.9988415837287903 0.9963396787643433 0.9983487725257874 1.0042124986648560 1.0064690113067627 1.0065195560455322 1.0052902698516846 1.0063741207122803 1.0060118436813354 1.0029929876327515 0.9969471096992493 1.0030276775360107 1.0064932107925415 1.0064392089843750 1.0043452978134155 1.0062781572341919 1.0055820941925049 1.0010591745376587 0.9950214028358459 0.9971721172332764 1.0053762197494507 1.0042872428894043 0.9980117082595825 1.0033221244812012 1.0015281438827515 0.9968125224113464 0.9972261786460876 1.0012177228927612 1.0064263343811035 1.0061804056167603 1.0031372308731079 1.0059440135955811 1.0047382116317749 1.0010082721710205 0.9955617785453796 0.9987223744392395 1.0057545900344849 1.0052074193954468 1.0013467073440552 1.0045825242996216 1.0032420158386230 0.9981843233108521 0.9950747489929199 0.9963705539703369 1.0025581121444702 1.0005776882171631 0.9966763854026794 1.0009301900863647 0.9982328414916992 0.9962784051895142 0.9957154989242554 1.0034614801406860 1.0032634735107422 0.9989605545997620 1.0024943351745605 0.9997437596321106 0.9973918199539185 0.9947569370269775 1.0035586357116699 1.0063163042068481 1.0065133571624756 1.0061590671539307 1.0063691139221191 1.0061599016189575 1.0048106908798218 1.0010695457458496 1.0036140680313110 1.0063920021057129 1.0065058469772339 1.0062140226364136 1.0063660144805908 1.0061867237091064 1.0046741962432861 0.9991821050643921 0.9989565014839172 1.0063047409057617 1.0062808990478516 1.0042984485626221 1.0058552026748657 1.0048072338104248 1.0010696649551392 0.9966199994087219 1.0025644302368164 1.0063902139663696 1.0064607858657837 1.0056535005569458 1.0061242580413818 1.0061355829238892 1.0039532184600830 0.9977633953094482 0.9998233318328857 1.0061743259429932 1.0060648918151855 1.0042816400527954 1.0056879520416260 1.0051766633987427 1.0017693042755127 0.9964541792869568 0.9969211220741272 1.0041149854660034 1.0039206743240356 1.0006500482559204 1.0034310817718506 1.0017027854919434 0.9989680051803589 0.9955414533615112 0.9947549700737000 1.0005056858062744 0.9984454512596130 0.9963440895080566 0.9978713989257812 0.9968193769454956 0.9961937665939331 0.9954990744590759
0.9942449331283569 0.9950995445251465 1.0024527311325073 0.9944584369659424 0.9946402311325073 0.9972906708717346 0.9940105080604553 0.9946544766426086 0.9952833652496338 1.0051624774932861 1.0065342187881470 1.0058454275131226 1.0051763057708740 1.0063258409500122 1.0040271282196045 1.0019342899322510 1.0026856660842896 1.0065428018569946 1.0065774917602539 1.0065692663192749 1.0065774917602539 1.0065774917602539 1.0063157081604004 1.0062069892883301 0.9942492246627808 1.0058908462524414 1.0065774917602539 1.0059224367141724 1.0046886205673218 1.0065575838088989 1.0023860931396484 0.9995439052581787 0.9945733547210693 1.0056598186492920 1.0065774917602539 1.0049536228179932 1.0024236440658569 1.0065060853958130 0.9993735551834106 1.0001714229583740 0.9971541166305542 1.0065016746520996 1.0065774917602539 1.0064619779586792 1.0063699483871460 1.0065331459045410 1.0061841011047363 1.0048635005950928 0.9938669800758362 1.0030326843261719 1.0061528682708740 1.0009514093399048 0.9986202716827393 1.0059283971786499 0.9966552257537842 0.9955018758773804 0.9946020245552063 1.0019900798797607 1.0059164762496948 0.9987604618072510 1.0003538131713867 1.0044020414352417 0.9963333606719971 1.0022455453872681 0.9941272139549255 0.9940201640129089 0.9989295005798340 0.9953999519348145 0.9942166209220886 0.9977287054061890 0.9948682785034180 0.9943180680274963 0.9942899942398071 0.9937752485275269 1.0051373243331909 0.9937367439270020 0.9936121106147766 1.0040371417999268 0.9936554431915283 0.9939875006675720 0.9994589686393738 1.0050829648971558 1.0065774917602539 1.0064208507537842 1.0030835866928101 1.0065360069274902 1.0063818693161011 1.0023297071456909 0.9959853887557983 0.9937396645545959 1.0064882040023804 1.0056861639022827 0.9936603903770447 1.0065013170242310 1.0015060901641846 0.9941009283065796 0.9943239688873291 0.9936289191246033 1.0032297372817993 0.9939978122711182 0.9938232302665710 1.0009082555770874 0.9939923286437988 0.9966837167739868 0.9985969066619873 1.0039247274398804 1.0065697431564331 1.0062748193740845 1.0009130239486694 1.0064580440521240 1.0060770511627197 0.9983693361282349 0.9948666095733643 0.9937818050384521 1.0060893297195435 1.0007923841476440 0.9940103888511658 1.0061974525451660 0.9959089159965515 0.9942785501480103 0.9942800402641296 0.9940720796585083 1.0017808675765991 0.9940094947814941 0.9969897866249084 0.9979485273361206 0.9947396516799927 0.9948765635490417
0.9999999403953552 1.0000001192092896 1.0000002384185791 1.0000001192092896 1.0000000000000000 1.0000001192092896 1.0000000000000000 0.9999999403953552 1.0000001192092896 1.0000002384185791 1.0000003576278687 1.0000003576278687 1.0000003576278687 1.0000003576278687 1.0000001192092896 1.0000001192092896 1.0000001192092896 1.0000003576278687 1.0000004768371582 1.0000005960464478 1.0000007152557373 1.0000004768371582 1.0000002384185791 1.0000001192092896 1.0000002384185791 1.0000003576278687 1.0000004768371582 1.0000008344650269 1.0000009536743164 1.0000007152557373 1.0000003576278687 1.0000003576278687 1.0000002384185791 1.0000003576278687 1.0000005960464478 1.0000008344650269 1.0000009536743164 1.0000007152557373 1.0000003576278687 1.0000002384185791 1.0000001192092896 1.0000002384185791 1.0000003576278687 1.0000005960464478 1.0000007152557373 1.0000005960464478 1.0000002384185791 1.0000001192092896 1.0000000000000000 1.0000000000000000 1.0000000000000000 1.0000002384185791 1.0000003576278687 1.0000002384185791 1.0000000000000000 1.0000000000000000 0.9999999403953552 1.0000000000000000 1.0000001192092896 1.0000001192092896 1.0000002384185791 1.0000001192092896 1.0000000000000000 1.0000000000000000 1.0000001192092896 1.0000001192092896 1.0000002384185791 1.0000002384185791 1.0000002384185791 1.0000001192092896 1.0000000000000000 0.9999999403953552 1.0000001192092896 1.0000002384185791 1.0000004768371582 1.0000004768371582 1.0000004768371582 1.0000002384185791 1.0000001192092896 1.0000001192092896 1.0000002384185791 1.0000003576278687 1.0000005960464478 1.0000008344650269 1.0000007152557373 1.0000004768371582 1.0000002384185791 1.0000002384185791 1.0000003576278687 1.0000004768371582 1.0000007152557373 1.0000009536743164 1.0000008344650269 1.0000005960464478 1.0000003576278687 1.0000002384185791 1.0000002384185791 1.0000003576278687 1.0000005960464478 1.0000008344650269 1.0000007152557373 1.0000004768371582 1.0000002384185791 1.0000002384185791 1.0000000000000000 1.0000001192092896 1.0000002384185791 1.0000004768371582 1.0000004768371582 1.0000002384185791 1.0000000000000000 1.0000000000000000 1.0000000000000000 1.0000000000000000 1.0000000000000000 1.0000002384185791 1.0000002384185791 1.0000001192092896 1.0000000000000000 0.9999999403953552 1.0000000000000000 1.0000001192092896 1.0000001192092896 1.0000001192092896 1.0000001192092896 1.0000001192092896 1.0000000000000000 0.9999999403953552
0.9999995827674866 1.0000003576278687 1.0000001192092896 1.0000005960464478 1.0000005960464478 0.9999999403953552 1.0000000000000000 0.9999998211860657 1.0000002384185791 1.0000008344650269 1.0000008344650269 1.0000014305114746 1.0000015497207642 1.0000008344650269 1.0000005960464478 1.0000001192092896 1.0000004768371582 1.0000007152557373 1.0000005960464478 1.0000022649765015 1.0000023841857910 1.0000013113021851 1.0000005960464478 1.0000004768371582 1.0000007152557373 1.0000009536743164 1.0000021457672119 1.0000034570693970 1.0000035762786865 1.0000025033950806 1.0000014305114746 1.0000005960464478 1.0000005960464478 1.0000011920928955 1.0000022649765015 1.0000035762786865 1.0000035762786865 1.0000026226043701 1.0000016689300537 1.0000005960464478 0.9999998211860657 1.0000002384185791 1.0000009536743164 1.0000020265579224 1.0000023841857910 1.0000016689300537 1.0000008344650269 0.9999998211860657 0.9999998807907104 0.9999997615814209 0.9999996423721313 1.0000008344650269 1.0000016689300537 1.0000009536743164 1.0000000000000000 0.9999995827674866 0.9999998211860657 1.0000002384185791 1.0000000000000000 1.0000008344650269 1.0000007152557373 1.0000002384185791 1.0000000000000000 0.9999995827674866 1.0000003576278687 1.0000008344650269 1.0000009536743164 1.0000011920928955 1.0000009536743164 1.0000004768371582 1.0000004768371582 1.0000001192092896 1.0000009536743164 1.0000011920928955 1.0000013113021851 1.0000023841857910 1.0000019073486328 1.0000010728836060 1.0000004768371582 0.9999999403953552 1.0000009536743164 1.0000011920928955 1.0000023841857910 1.0000032186508179 1.0000027418136597 1.0000014305114746 1.0000007152557373 1.0000004768371582 1.0000010728836060 1.0000021457672119 1.0000032186508179 1.0000039339065552 1.0000034570693970 1.0000023841857910 1.0000010728836060 1.0000005960464478 1.0000007152557373 1.0000015497207642 1.0000025033950806 1.0000032186508179 1.0000029802322388 1.0000020265579224 1.0000008344650269 1.0000001192092896 1.0000001192092896 1.0000003576278687 1.0000008344650269 1.0000019073486328 1.0000019073486328 1.0000010728836060 1.0000000000000000 0.9999996423721313 1.0000000000000000 1.0000000000000000 0.9999998807907104 1.0000011920928955 1.0000010728836060 1.0000003576278687 0.9999995827674866 0.9999997615814209 0.9999998211860657 1.0000003576278687 1.0000003576278687 1.0000005960464478 1.0000002384185791 0.9999998211860657 0.9999999403953552 0.9999995827674866
1.0000010728836060 1.0000011920928955 1.0000011920928955 0.9999979138374329 1.0000036954879761 0.9999963641166687 1.0000011920928955 0.9999974966049194 1.0000005960464478 1.0000051259994507 1.0000027418136597 1.0000059604644775 1.0000084638595581 1.0000044107437134 1.0000035762786865 0.9999986290931702 1.0000007152557373 1.0000029802322388 1.0000100135803223 1.0000100135803223 1.0000108480453491 1.0000084638595581 1.0000063180923462 0.9999993443489075 0.9999980926513672 1.0000058412551880 1.0000127553939819 1.0000127553939819 1.0000132322311401 1.0000108480453491 1.0000083446502686 0.9999979138374329 0.9999992847442627 1.0000066757202148 1.0000128746032715 1.0000126361846924 1.0000134706497192 1.0000112056732178 1.0000091791152954 0.9999990463256836 0.9999971985816956 1.0000034570693970 1.0000087022781372 1.0000084638595581 1.0000097751617432 1.0000078678131104 1.0000066757202148 0.9999970793724060 0.9999977946281433 1.0000017881393433 1.0000027418136597 1.0000022649765015 1.0000067949295044 1.0000058412551880 1.0000056028366089 0.9999971985816956 0.9999986290931702 0.9999979734420776 1.0000001192092896 1.0000029802322388 1.0000047683715820 1.0000000000000000 0.9999963641166687 0.9999938011169434 1.0000042915344238 0.9999994635581970 0.9999997615814209 1.0000019073486328 1.0000002384185791 0.9999992251396179 0.9999991655349731 1.0000052452087402 1.0000008344650269 0.9999986886978149 1.0000048875808716 1.0000063180923462 1.0000047683715820 1.0000020265579224 1.0000015497207642 1.0000028610229492 0.9999988079071045 1.0000063180923462 1.0000122785568237 1.0000115633010864 1.0000097751617432 1.0000088214874268 1.0000027418136597 0.9999997019767761 0.9999995231628418 1.0000069141387939 1.0000123977661133 1.0000118017196655 1.0000100135803223 1.0000091791152954 1.0000032186508179 0.9999979734420776 0.9999978542327881 1.0000046491622925 1.0000095367431641 1.0000091791152954 1.0000076293945312 1.0000071525573730 1.0000016689300537 0.9999964237213135 0.9999974966049194 1.0000023841857910 1.0000057220458984 1.0000066757202148 1.0000064373016357 1.0000066757202148 1.0000019073486328 0.9999970197677612 0.9999982118606567 0.9999984502792358 1.0000013113021851 1.0000034570693970 1.0000038146972656 1.0000016689300537 0.9999972581863403 0.9999961256980896 0.9999998211860657 0.9999974370002747 1.0000005960464478 1.0000002384185791 0.9999986886978149 0.9999991655349731 0.9999960660934448 0.9999980330467224
1.0000238418579102 0.9999689459800720 0.9999689459800720 0.9999885559082031 1.0000400543212891 0.9999939799308777 0.9999600052833557 0.9999711513519287 0.9999796152114868 0.9999600052833557 0.9999923110008240 0.9999792575836182 0.9999600052833557 0.9999849200248718 0.9999762773513794 0.9999917745590210 0.9999772310256958 1.0000069141387939 1.0000400543212891 1.0000400543212891 1.0000270605087280 1.0000400543212891 1.0000396966934204 1.0000078678131104 0.9999706149101257 1.0000015497207642 1.0000400543212891 1.0000400543212891 1.0000196695327759 1.0000400543212891 1.0000330209732056 1.0000002384185791 0.9999600052833557 0.9999756813049316 1.0000293254852295 1.0000178813934326 0.9999914765357971 1.0000177621841431 1.0000072717666626 0.9999750256538391 0.9999729990959167 1.0000005960464478 1.0000400543212891 1.0000400543212891 1.0000157356262207 1.0000400543212891 1.0000327825546265 1.0000027418136597 0.9999639391899109 0.9999853372573853 1.0000264644622803 1.0000113248825073 1.0000023841857910 1.0000307559967041 1.0000240802764893 0.9999953508377075 0.9999600052833557 0.9999738335609436 1.0000127553939819 0.9999966025352478 0.9999786019325256 1.0000017881393433 0.9999980330467224 0.9999713897705078 1.0000008344650269 1.0000016689300537 1.0000015497207642 0.9999979734420776 1.0000220537185669 0.9999985098838806 0.9999760985374451 1.0000400543212891 0.9999959468841553 1.0000400543212891 1.0000400543212891 1.0000329017639160 1.0000400543212891 1.0000400543212891 1.0000213384628296 0.9999985694885254 1.0000050067901611 1.0000400543212891 1.0000400543212891 1.0000400543212891 1.0000400543212891 1.0000400543212891 1.0000265836715698 0.9999707937240601 0.9999821782112122 1.0000400543212891 1.0000400543212891 1.0000144243240356 1.0000400543212891 1.0000367164611816 1.0000026226043701 0.9999600052833557 1.0000059604644775 1.0000400543212891 1.0000400543212891 1.0000329017639160 1.0000400543212891 1.0000400543212891 1.0000263452529907 0.9999792575836182 0.9999988675117493 1.0000400543212891 1.0000400543212891 1.0000218152999878 1.0000400543212891 1.0000400543212891 1.0000195503234863 0.9999763965606689 0.9999765753746033 1.0000271797180176 1.0000143051147461 0.9999947547912598 1.0000203847885132 1.0000206232070923 1.0000028610229492 0.9999654293060303 0.9999861717224121 0.9999897480010986 0.9999665021896362 0.9999962449073792 1.0000182390213013 0.9999784827232361 0.9999663829803467 0.9999845027923584
1.0000400543212891 0.9999600052833557 0.9999986290931702 0.9999600052833557 1.0000400543212891 0.9999741911888123 0.9999600052833557 0.9999600052833557 0.9999600052833557 1.0000400543212891 1.0000400543212891 1.0000400543212891 1.0000400543212891 1.0000400543212891 1.0000400543212891 0.9999656081199646 0.9999600052833557 1.0000400543212891 1.0000400543212891 1.0000400543212891 1.0000400543212891 1.0000400543212891 1.0000400543212891 1.0000400543212891 0.9999600052833557 1.0000400543212891 1.0000400543212891 1.0000400543212891 1.0000330209732056 1.0000400543212891 1.0000400543212891 0.9999600052833557 0.9999600052833557 1.0000400543212891 1.0000400543212891 1.0000321865081787 1.0000040531158447 1.0000400543212891 1.0000275373458862 0.9999608993530273 0.9999677538871765 1.0000400543212891 1.0000400543212891 1.0000400543212891 1.0000400543212891 1.0000400543212891 1.0000400543212891 1.0000400543212891 0.9999600052833557 1.0000400543212891 1.0000400543212891 1.0000059604644775 0.9999843239784241 1.0000400543212891 1.0000113248825073 0.9999854564666748 0.9999600052833557 1.0000094175338745 1.0000400543212891 0.9999758005142212 0.9999600052833557 1.0000400543212891 0.9999946355819702 1.0000283718109131 0.9999600052833557 0.9999600052833557 0.9999600052833557 0.9999600052833557 0.9999600052833557 0.9999600052833557 0.9999600052833557 1.0000400543212891 0.9999600052833557 0.9999600052833557 1.0000280141830444 0.9999605417251587 0.9999600052833557 1.0000205039978027 0.9999600052833557 0.9999600052833557 0.9999600052833557 1.0000284910202026 1.0000400543212891 1.0000400543212891 1.0000140666961670 1.0000400543212891 1.0000400543212891 1.0000134706497192 0.9999600052833557 0.9999629855155945 1.0000400543212891 1.0000317096710205 0.9999600052833557 1.0000400543212891 1.0000104904174805 0.9999600052833557 0.9999600052833557 0.9999600052833557 1.0000140666961670 0.9999600052833557 0.9999600052833557 1.0000071525573730 0.9999600052833557 0.9999600052833557 0.9999600052833557 1.0000211000442505 1.0000400543212891 1.0000400543212891 1.0000054836273193 1.0000400543212891 1.0000400543212891 0.9999995231628418 0.9999600052833557 0.9999600052833557 1.0000400543212891 1.0000053644180298 0.9999600052833557 1.0000400543212891 0.9999870657920837 0.9999600052833557 0.9999600052833557 0.9999600052833557 1.0000125169754028 0.9999600052833557 0.9999600052833557 1.0000025033950806 0.9999600052833557 0.9999600052833557
1.0000000000000000 1.0000000000000000 1.0000000000000000 1.0000000000000000 1.0000000000000000 1.0000000000000000 1.0000000000000000 1.0000000000000000 1.0000000000000000 1.0000000000000000 1.0000000000000000 1.0000000000000000 1.0000000000000000 1.0000000000000000 1.0000000000000000 1.0000000000000000 1.0000000000000000 1.0000000000000000 1.0000000000000000 1.0000000000000000 1.0000000000000000 1.0000000000000000 1.0000000000000000 1.0000000000000000 1.0000000000000000 1.0000000000000000 1.0000000000000000 1.0000000000000000 1.0000000000000000 1.0000000000000000 1.0000000000000000 1.0000000000000000 1.0000000000000000 1.0000000000000000 1.0000000000000000 1.0000000000000000 1.0000000000000000 1.0000000000000000 1.0000000000000000 1.0000000000000000 1.0000000000000000 1.0000000000000000 1.0000000000000000 1.0000000000000000 1.0000000000000000 1.0000000000000000 1.0000000000000000 1.0000000000000000 1.0000000000000000 1.0000000000000000 1.0000000000000000 1.0000000000000000 1.0000000000000000 1.0000000000000000 1.0000000000000000 1.0000000000000000 1.0000000000000000 1.0000000000000000 1.0000000000000000 1.0000000000000000 1.0000000000000000 1.0000000000000000 1.0000000000000000 1.0000000000000000 1.0000000000000000 1.0000000000000000 1.0000000000000000 1.0000000000000000 1.0000000000000000 1.0000000000000000 1.0000000000000000 1.0000000000000000 1.0000000000000000 1.0000000000000000 1.0000000000000000 1.0000000000000000 1.0000000000000000 1.0000000000000000 1.0000000000000000 1.0000000000000000 1.0000000000000000 1.0000000000000000 1.0000000000000000 1.0000000000000000 1.0000000000000000 1.0000000000000000 1.0000000000000000 1.0000000000000000 1.0000000000000000 1.0000000000000000 1.0000000000000000 1.0000000000000000 1.0000000000000000 1.0000000000000000 1.0000000000000000 1.0000000000000000 1.0000000000000000 1.0000000000000000 1.0000000000000000 1.0000000000000000 1.0000000000000000 1.0000000000000000 1.0000000000000000 1.0000000000000000 1.0000000000000000 1.0000000000000000 1.0000000000000000 1.0000000000000000 1.0000000000000000 1.0000000000000000 1.0000000000000000 1.0000000000000000 1.0000000000000000 1.0000000000000000 1.0000000000000000 1.0000000000000000 1.0000000000000000 1.0000000000000000 1.0000000000000000 1.0000000000000000 1.0000000000000000 1.0000000000000000 1.0000000000000000 1.0000000000000000 1.0000000000000000 1.0000000000000000 1.0000000000000000 1.0000000000000000
1.0000000000000000 1.0000000000000000 1.0000000000000000 1.0000000000000000 1.0000000000000000 1.0000000000000000 1.0000000000000000 1.0000000000000000 1.0000000000000000 1.0000000000000000 1.0000000000000000 1.0000000000000000 1.0000000000000000 1.0000000000000000 1.0000000000000000 1.0000000000000000 1.0000000000000000 1.0000000000000000 1.0000000000000000 1.0000000000000000 1.0000000000000000 1.0000000000000000 1.0000000000000000 1.0000000000000000 1.0000000000000000 1.0000000000000000 1.0000000000000000 1.0000000000000000 1.0000000000000000 1.0000000000000000 1.0000000000000000 1.0000000000000000 1.0000000000000000 1.0000000000000000 1.0000000000000000 1.0000000000000000 1.0000000000000000 1.0000000000000000 1.0000000000000000 1.0000000000000000 1.0000000000000000 1.0000000000000000 1.0000000000000000 1.0000000000000000 1.0000000000000000 1.0000000000000000 1.0000000000000000 1.0000000000000000 1.0000000000000000 1.0000000000000000 1.0000000000000000 1.0000000000000000 1.0000000000000000 1.0000000000000000 1.0000000000000000 1.0000000000000000 1.0000000000000000 1.0000000000000000 1.0000000000000000 1.0000000000000000 1.0000000000000000 1.0000000000000000 1.0000000000000000 1.0000000000000000 1.0000000000000000 1.0000000000000000 1.0000000000000000 1.0000000000000000 1.0000000000000000 1.0000000000000000 1.0000000000000000 1.0000000000000000 1.0000000000000000 1.0000000000000000 1.0000000000000000 1.0000000000000000 1.0000000000000000 1.0000000000000000 1.0000000000000000 1.0000000000000000 1.0000000000000000 1.0000000000000000 1.0000000000000000 1.0000000000000000 1.0000000000000000 1.0000000000000000 1.0000000000000000 1.0000000000000000 1.0000000000000000 1.0000000000000000 1.0000000000000000 1.0000000000000000 1.0000000000000000 1.0000000000000000 1.0000000000000000 1.0000000000000000 1.0000000000000000 1.0000000000000000 1.0000000000000000 1.0000000000000000 1.0000000000000000 1.0000000000000000 1.0000000000000000 1.0000000000000000 1.0000000000000000 1.0000000000000000 1.0000000000000000 1.0000000000000000 1.0000000000000000 1.0000000000000000 1.0000000000000000 1.0000000000000000 1.0000000000000000 1.0000000000000000 1.0000000000000000 1.0000000000000000 1.0000000000000000 1.0000000000000000 1.0000000000000000 1.0000000000000000 1.0000000000000000 1.0000000000000000 1.0000000000000000 1.0000000000000000 1.0000000000000000 1.0000000000000000 1.0000000000000000 1.0000000000000000
