19
0.9872509241104126 0.9872509241104126 0.9872509241104126 0.9872509241104126 0.9872509241104126 0.9872509241104126 0.9872509241104126 0.9872509241104126 0.9872509241104126 0.9872509241104126 0.9872509241104126 0.9872509241104126 0.9872509241104126 0.9872509241104126 0.9872509241104126 0.9872509241104126 0.9872509241104126 0.9872509241104126 1.0127489566802979 1.0120325088500977 0.9872509241104126 1.0127489566802979 1.0022110939025879 0.9872509241104126 0.9872509241104126 0.9872509241104126 1.0119454860687256 0.9993003606796265 0.9872509241104126 1.0033922195434570 0.9873751401901245 0.9872509241104126 0.9872509241104126 0.9872509241104126 0.9872509241104126 0.9872509241104126 0.9872509241104126 0.9872509241104126 0.9872509241104126 0.9872509241104126 0.9872509241104126 0.9872509241104126 1.0127265453338623 1.0036733150482178 0.9872509241104126 1.0113934278488159 0.9896097779273987 0.9872509241104126 0.9872509241104126 0.9872509241104126 1.0028116703033447 0.9875445365905762 0.9872509241104126 0.9882035851478577 0.9872509241104126 0.9872509241104126 0.9872509241104126 0.9872509241104126 0.9872509241104126 0.9872509241104126 0.9872509241104126 0.9872509241104126 0.9872509241104126 0.9872509241104126 0.9872509241104126 0.9872509241104126 0.9872509241104126 0.9872509241104126 0.9872509241104126 0.9872509241104126 0.9872509241104126 0.9872509241104126 0.9872509241104126 0.9873300790786743 0.9873299598693848 0.9872509241104126 0.9874082803726196 0.9872509241104126 0.9872509241104126 0.9872509241104126 0.9872509241104126 0.9873281717300415 0.9880756735801697 0.9872509241104126 0.9885181188583374 0.9872661828994751 0.9872509241104126 0.9872509241104126 0.9872509241104126 0.9872509241104126 0.9872509241104126 0.9872509241104126 0.9872509241104126 0.9872509241104126 0.9872509241104126 0.9872509241104126 0.9872509241104126 0.9876191020011902 0.9880168437957764 0.9872509241104126 0.9883840084075928 0.9873258471488953 0.9872509241104126 0.9872509241104126 0.9872509241104126 0.9873300790786743 0.9873300790786743 0.9872509241104126 0.9873720407485962 0.9872509241104126 0.9872509241104126 0.9872509241104126 0.9872509241104126 0.9872509241104126 0.9872509241104126 0.9872509241104126 0.9872509241104126 0.9872509241104126 0.9872509241104126 0.9872509241104126 0.9872509241104126 0.9872509241104126 0.9872509241104126 0.9872509241104126 0.9872509241104126 0.9872509241104126 0.9872509241104126 0.9872509241104126
0.9872509241104126 0.9872509241104126 0.9872509241104126 0.9872509241104126 0.9872509241104126 0.9872509241104126 0.9872509241104126 0.9872509241104126 0.9872509241104126 0.9872509241104126 1.0016084909439087 0.9872509241104126 0.9872509241104126 0.9994126558303833 0.9872509241104126 0.9872509241104126 0.9872509241104126 1.0019251108169556 1.0127489566802979 0.9912177920341492 0.9889416098594666 1.0127489566802979 0.9995467662811279 1.0064431428909302 0.9872509241104126 0.9872509241104126 0.9908182621002197 0.9872509241104126 0.9872509241104126 0.9876878857612610 0.9872509241104126 0.9872509241104126 0.9872509241104126 0.9872509241104126 0.9886233806610107 0.9872509241104126 0.9872509241104126 0.9872509241104126 0.9872509241104126 0.9872509241104126 0.9872509241104126 0.9988700151443481 1.0127489566802979 0.9876301288604736 0.9873203635215759 1.0127489566802979 0.9951469898223877 0.9978660345077515 0.9872509241104126 0.9872509241104126 0.9994706511497498 0.9872509241104126 0.9872509241104126 0.9943363070487976 0.9872509241104126 0.9872509241104126 0.9872509241104126 0.9872509241104126 1.0069637298583984 0.9872509241104126 0.9872509241104126 0.9975709319114685 0.9872509241104126 0.9995200037956238 0.9872509241104126 0.9872509241104126 0.9872509241104126 0.9872509241104126 0.9872509241104126 0.9872509241104126 0.9872509241104126 0.9872509241104126 0.9872509241104126 0.9872509241104126 1.0127489566802979 0.9872509241104126 0.9872509241104126 0.9979158043861389 0.9872509241104126 0.9872509241104126 0.9872509241104126 1.0127489566802979 1.0127489566802979 1.0127489566802979 1.0107117891311646 1.0127489566802979 1.0127489566802979 0.9959163665771484 0.9872509241104126 0.9872509241104126 1.0127489566802979 0.9989383816719055 0.9872509241104126 1.0127489566802979 0.9872509241104126 0.9872509241104126 0.9872509241104126 0.9872509241104126 1.0114939212799072 0.9872509241104126 0.9872509241104126 0.9875747561454773 0.9872509241104126 0.9872509241104126 0.9872509241104126 0.9972934126853943 1.0127489566802979 1.0127489566802979 0.9874944686889648 1.0127489566802979 1.0127489566802979 0.9872509241104126 0.9872509241104126 0.9872509241104126 1.0127489566802979 0.9872509241104126 0.9872509241104126 1.0127489566802979 0.9872509241104126 0.9872509241104126 0.9872509241104126 0.9872509241104126 0.9962115287780762 0.9872509241104126 0.9872509241104126 0.9872509241104126 0.9872509241104126 0.9872509241104126
1.0000000000000000 1.0000000000000000 1.0000000000000000 1.0000000000000000 1.0000000000000000 1.0000000000000000 1.0000000000000000 1.0000000000000000 1.0000000000000000 1.0000000000000000 1.0000000000000000 1.0000000000000000 1.0000000000000000 1.0000000000000000 1.0000000000000000 1.0000000000000000 1.0000000000000000 1.0000000000000000 1.0000002384185791 1.0000002384185791 1.0000002384185791 1.0000000000000000 1.0000000000000000 1.0000000000000000 1.0000000000000000 1.0000001192092896 1.0000002384185791 1.0000004768371582 1.0000003576278687 1.0000001192092896 1.0000000000000000 1.0000000000000000 1.0000000000000000 1.0000000000000000 1.0000002384185791 1.0000003576278687 1.0000001192092896 1.0000001192092896 1.0000000000000000 1.0000000000000000 1.0000000000000000 1.0000000000000000 1.0000000000000000 1.0000000000000000 1.0000000000000000 1.0000000000000000 1.0000000000000000 1.0000000000000000 1.0000000000000000 1.0000000000000000 1.0000000000000000 1.0000000000000000 1.0000000000000000 1.0000000000000000 1.0000000000000000 1.0000000000000000 1.0000000000000000 1.0000000000000000 1.0000000000000000 1.0000000000000000 1.0000000000000000 1.0000000000000000 1.0000000000000000 1.0000000000000000 1.0000000000000000 1.0000000000000000 1.0000000000000000 1.0000000000000000 1.0000000000000000 1.0000000000000000 1.0000000000000000 1.0000000000000000 1.0000000000000000 1.0000000000000000 1.0000002384185791 1.0000002384185791 1.0000000000000000 1.0000000000000000 1.0000000000000000 1.0000000000000000 1.0000000000000000 1.0000001192092896 1.0000002384185791 1.0000002384185791 1.0000001192092896 1.0000000000000000 1.0000000000000000 1.0000000000000000 1.0000000000000000 1.0000001192092896 1.0000002384185791 1.0000003576278687 1.0000001192092896 1.0000000000000000 1.0000000000000000 1.0000000000000000 1.0000000000000000 1.0000000000000000 1.0000001192092896 1.0000001192092896 1.0000000000000000 1.0000000000000000 1.0000000000000000 1.0000000000000000 1.0000000000000000 1.0000000000000000 1.0000000000000000 1.0000000000000000 1.0000000000000000 1.0000000000000000 1.0000000000000000 1.0000000000000000 1.0000000000000000 1.0000000000000000 1.0000000000000000 1.0000000000000000 1.0000000000000000 1.0000000000000000 1.0000000000000000 1.0000000000000000 1.0000000000000000 1.0000000000000000 1.0000000000000000 1.0000000000000000 1.0000000000000000 1.0000000000000000 1.0000000000000000 1.0000000000000000
1.0000001192092896 1.0000010728836060 1.0000034570693970 1.0000041723251343 1.0000038146972656 1.0000019073486328 1.0000000000000000 1.0000000000000000 1.0000008344650269 1.0000030994415283 1.0000070333480835 1.0000091791152954 1.0000081062316895 1.0000051259994507 1.0000016689300537 1.0000004768371582 1.0000030994415283 1.0000073909759521 1.0000120401382446 1.0000157356262207 1.0000141859054565 1.0000097751617432 1.0000054836273193 1.0000027418136597 1.0000050067901611 1.0000094175338745 1.0000151395797729 1.0000188350677490 1.0000178813934326 1.0000121593475342 1.0000070333480835 1.0000036954879761 1.0000039339065552 1.0000095367431641 1.0000145435333252 1.0000184774398804 1.0000169277191162 1.0000113248825073 1.0000061988830566 1.0000030994415283 1.0000014305114746 1.0000054836273193 1.0000107288360596 1.0000141859054565 1.0000119209289551 1.0000081062316895 1.0000036954879761 1.0000011920928955 1.0000001192092896 1.0000017881393433 1.0000050067901611 1.0000067949295044 1.0000058412551880 1.0000030994415283 1.0000004768371582 1.0000000000000000 1.0000000000000000 1.0000003576278687 1.0000028610229492 1.0000036954879761 1.0000026226043701 1.0000011920928955 1.0000000000000000 1.0000000000000000 1.0000007152557373 1.0000028610229492 1.0000057220458984 1.0000059604644775 1.0000042915344238 1.0000015497207642 1.0000002384185791 1.0000002384185791 1.0000029802322388 1.0000076293945312 1.0000109672546387 1.0000127553939819 1.0000095367431641 1.0000057220458984 1.0000020265579224 1.0000013113021851 1.0000064373016357 1.0000106096267700 1.0000158548355103 1.0000174045562744 1.0000141859054565 1.0000085830688477 1.0000045299530029 1.0000034570693970 1.0000072717666626 1.0000118017196655 1.0000180006027222 1.0000187158584595 1.0000157356262207 1.0000094175338745 1.0000047683715820 1.0000036954879761 1.0000045299530029 1.0000098943710327 1.0000147819519043 1.0000159740447998 1.0000121593475342 1.0000076293945312 1.0000029802322388 1.0000019073486328 1.0000013113021851 1.0000053644180298 1.0000092983245850 1.0000094175338745 1.0000072717666626 1.0000034570693970 1.0000003576278687 1.0000002384185791 1.0000001192092896 1.0000016689300537 1.0000048875808716 1.0000048875808716 1.0000029802322388 1.0000008344650269 1.0000000000000000 1.0000000000000000 1.0000001192092896 1.0000010728836060 1.0000035762786865 1.0000034570693970 1.0000011920928955 1.0000001192092896 1.0000000000000000 1.0000000000000000
1.0000030994415283 1.0000122785568237 1.0000237226486206 1.0000294446945190 1.0000249147415161 1.0000180006027222 1.0000052452087402 1.0000010728836060 1.0000110864639282 1.0000232458114624 1.0000361204147339 1.0000426769256592 1.0000395774841309 1.0000303983688354 1.0000164508819580 1.0000097751617432 1.0000243186950684 1.0000363588333130 1.0000517368316650 1.0000602006912231 1.0000584125518799 1.0000450611114502 1.0000295639038086 1.0000206232070923 1.0000300407409668 1.0000426769256592 1.0000613927841187 1.0000711679458618 1.0000692605972290 1.0000554323196411 1.0000355243682861 1.0000257492065430 1.0000261068344116 1.0000410079956055 1.0000591278076172 1.0000683069229126 1.0000673532485962 1.0000523328781128 1.0000338554382324 1.0000212192535400 1.0000189542770386 1.0000307559967041 1.0000463724136353 1.0000553131103516 1.0000525712966919 1.0000400543212891 1.0000241994857788 1.0000143051147461 1.0000060796737671 1.0000172853469849 1.0000306367874146 1.0000370740890503 1.0000337362289429 1.0000249147415161 1.0000101327896118 1.0000026226043701 1.0000010728836060 1.0000100135803223 1.0000208616256714 1.0000263452529907 1.0000228881835938 1.0000145435333252 1.0000030994415283 1.0000000000000000 1.0000110864639282 1.0000240802764893 1.0000332593917847 1.0000340938568115 1.0000282526016235 1.0000168085098267 1.0000063180923462 1.0000047683715820 1.0000243186950684 1.0000373125076294 1.0000483989715576 1.0000509023666382 1.0000451803207397 1.0000300407409668 1.0000178813934326 1.0000154972076416 1.0000345706939697 1.0000503063201904 1.0000643730163574 1.0000667572021484 1.0000598430633545 1.0000410079956055 1.0000277757644653 1.0000256299972534 1.0000362396240234 1.0000532865524292 1.0000681877136230 1.0000727176666260 1.0000629425048828 1.0000442266464233 1.0000290870666504 1.0000243186950684 1.0000298023223877 1.0000468492507935 1.0000603199005127 1.0000638961791992 1.0000560283660889 1.0000385046005249 1.0000227689743042 1.0000171661376953 1.0000168085098267 1.0000313520431519 1.0000435113906860 1.0000457763671875 1.0000379085540771 1.0000244379043579 1.0000114440917969 1.0000084638595581 1.0000067949295044 1.0000193119049072 1.0000277757644653 1.0000292062759399 1.0000226497650146 1.0000115633010864 1.0000010728836060 1.0000005960464478 1.0000048875808716 1.0000156164169312 1.0000255107879639 1.0000255107879639 1.0000172853469849 1.0000083446502686 1.0000008344650269 1.0000001192092896
1.0000011920928955 1.0000393390655518 1.0000795125961304 1.0001058578491211 1.0000876188278198 1.0000569820404053 1.0000090599060059 0.9999927878379822 1.0000369548797607 1.0000807046890259 1.0001286268234253 1.0001645088195801 1.0001546144485474 1.0001097917556763 1.0000505447387695 1.0000275373458862 1.0000798702239990 1.0001324415206909 1.0001859664916992 1.0002297163009644 1.0002207756042480 1.0001680850982666 1.0000913143157959 1.0000659227371216 1.0001085996627808 1.0001697540283203 1.0002324581146240 1.0002886056900024 1.0002791881561279 1.0002120733261108 1.0001240968704224 1.0000911951065063 1.0000902414321899 1.0001585483551025 1.0002251863479614 1.0002801418304443 1.0002704858779907 1.0002040863037109 1.0001159906387329 1.0000753402709961 1.0000590085983276 1.0001122951507568 1.0001714229583740 1.0002149343490601 1.0002061128616333 1.0001503229141235 1.0000743865966797 1.0000431537628174 1.0000112056732178 1.0000518560409546 1.0000922679901123 1.0001250505447388 1.0001169443130493 1.0000740289688110 1.0000221729278564 1.0000008344650269 0.9999938011169434 1.0000301599502563 1.0000663995742798 1.0000919103622437 1.0000786781311035 1.0000457763671875 1.0000021457672119 0.9999856948852539 1.0000346899032593 1.0000736713409424 1.0001181364059448 1.0001293420791626 1.0000988245010376 1.0000512599945068 1.0000149011611938 1.0000083446502686 1.0000733137130737 1.0001201629638672 1.0001727342605591 1.0001904964447021 1.0001566410064697 1.0000960826873779 1.0000522136688232 1.0000448226928711 1.0001214742660522 1.0001757144927979 1.0002366304397583 1.0002638101577759 1.0002220869064331 1.0001465082168579 1.0000892877578735 1.0000829696655273 1.0001333951950073 1.0001951456069946 1.0002683401107788 1.0002975463867188 1.0002492666244507 1.0001645088195801 1.0001033544540405 1.0000873804092407 1.0001022815704346 1.0001612901687622 1.0002249479293823 1.0002505779266357 1.0002092123031616 1.0001331567764282 1.0000709295272827 1.0000503063201904 1.0000523328781128 1.0000987052917480 1.0001482963562012 1.0001660585403442 1.0001312494277954 1.0000739097595215 1.0000294446945190 1.0000216960906982 1.0000156164169312 1.0000514984130859 1.0000895261764526 1.0001050233840942 1.0000718832015991 1.0000298023223877 0.9999967813491821 0.9999905228614807 1.0000090599060059 1.0000460147857666 1.0000820159912109 1.0000878572463989 1.0000501871109009 1.0000216960906982 0.9999889731407166 0.9999862313270569
0.9999071955680847 1.0000758171081543 1.0002050399780273 1.0003502368927002 1.0002615451812744 1.0001108646392822 1.0000022649765015 0.9998498558998108 1.0000619888305664 1.0002427101135254 1.0004075765609741 1.0006158351898193 1.0005503892898560 1.0003356933593750 1.0001714229583740 1.0000057220458984 1.0002051591873169 1.0004103183746338 1.0005823373794556 1.0008729696273804 1.0008139610290527 1.0005049705505371 1.0003070831298828 1.0001362562179565 1.0003662109375000 1.0006349086761475 1.0008810758590698 1.0011593103408813 1.0010905265808105 1.0007652044296265 1.0005258321762085 1.0002880096435547 1.0002729892730713 1.0005670785903931 1.0008307695388794 1.0010932683944702 1.0010278224945068 1.0007063150405884 1.0004646778106689 1.0002046823501587 1.0001127719879150 1.0003395080566406 1.0005227327346802 1.0007752180099487 1.0007148981094360 1.0004334449768066 1.0002343654632568 1.0000452995300293 1.0000147819519043 1.0001776218414307 1.0003098249435425 1.0005286931991577 1.0004632472991943 1.0002325773239136 1.0000967979431152 0.9999609589576721 0.9998589754104614 1.0000187158584595 1.0001289844512939 1.0002887248992920 1.0002073049545288 1.0000538825988770 0.9999633431434631 0.9997957944869995 1.0000871419906616 1.0003039836883545 1.0004431009292603 1.0004892349243164 1.0003428459167480 1.0001968145370483 1.0000188350677490 0.9999407529830933 1.0003060102462769 1.0005365610122681 1.0007045269012451 1.0008300542831421 1.0006517171859741 1.0004047155380249 1.0001810789108276 1.0000978708267212 1.0004576444625854 1.0007150173187256 1.0009492635726929 1.0010765790939331 1.0008690357208252 1.0005457401275635 1.0003343820571899 1.0002218484878540 1.0005059242248535 1.0008478164672852 1.0010938644409180 1.0011934041976929 1.0009906291961670 1.0006780624389648 1.0003873109817505 1.0002501010894775 1.0003550052642822 1.0006731748580933 1.0008817911148071 1.0009962320327759 1.0007989406585693 1.0005067586898804 1.0002454519271851 1.0000977516174316 1.0001996755599976 1.0004105567932129 1.0005587339401245 1.0006802082061768 1.0005059242248535 1.0002700090408325 1.0000741481781006 0.9999942183494568 1.0000302791595459 1.0001761913299561 1.0003319978713989 1.0003865957260132 1.0002437829971313 1.0000779628753662 0.9999588727951050 0.9998775720596313 0.9999446868896484 1.0001027584075928 1.0002146959304810 1.0002462863922119 1.0000982284545898 0.9999912381172180 0.9998674392700195 0.9998016357421875
0.9987753033638000 0.9999839067459106 1.0007159709930420 1.0007189512252808 1.0004560947418213 0.9998793601989746 0.9998515844345093 0.9986060261726379 0.9999536275863647 1.0016134977340698 1.0024865865707397 1.0025281906127930 1.0026336908340454 1.0016092061996460 1.0012851953506470 0.9996291995048523 1.0007603168487549 1.0025254487991333 1.0040966272354126 1.0040543079376221 1.0040549039840698 1.0029070377349854 1.0023406744003296 1.0004178285598755 1.0007569789886475 1.0025724172592163 1.0040999650955200 1.0040183067321777 1.0039649009704590 1.0028883218765259 1.0023864507675171 1.0004280805587769 1.0004681348800659 1.0026724338531494 1.0040974617004395 1.0039702653884888 1.0039299726486206 1.0029400587081909 1.0023967027664185 1.0002009868621826 0.9998889565467834 1.0016533136367798 1.0029480457305908 1.0029222965240479 1.0029551982879639 1.0017629861831665 1.0014533996582031 0.9996160268783569 0.9999019503593445 1.0012990236282349 1.0023754835128784 1.0023670196533203 1.0024110078811646 1.0014469623565674 1.0009977817535400 0.9995379447937012 0.9986797571182251 0.9996986985206604 1.0004190206527710 1.0003670454025269 1.0001324415206909 0.9996027946472168 0.9995161890983582 0.9984697699546814 0.9995715618133545 1.0003532171249390 1.0011222362518311 1.0010336637496948 1.0004667043685913 1.0002503395080566 0.9995198845863342 0.9989198446273804 1.0003663301467896 1.0015239715576172 1.0027511119842529 1.0026967525482178 1.0018956661224365 1.0013874769210815 1.0006729364395142 0.9996567368507385 1.0011247396469116 1.0027734041213989 1.0039975643157959 1.0037997961044312 1.0029907226562500 1.0025994777679443 1.0013506412506104 1.0004994869232178 1.0010881423950195 1.0027611255645752 1.0038548707962036 1.0036057233810425 1.0028004646301270 1.0025371313095093 1.0012952089309692 1.0002028942108154 1.0004907846450806 1.0019309520721436 1.0030294656753540 1.0028235912322998 1.0020028352737427 1.0017207860946655 1.0007143020629883 0.9996179342269897 1.0002435445785522 1.0014367103576660 1.0026206970214844 1.0025497674942017 1.0017180442810059 1.0013016462326050 1.0005059242248535 0.9996858239173889 0.9996186494827271 1.0006703138351440 1.0013495683670044 1.0012382268905640 1.0006706714630127 1.0004774332046509 0.9995623230934143 0.9991435408592224 0.9989177584648132 0.9996363520622253 1.0004595518112183 1.0001599788665771 0.9996192455291748 0.9996861219406128 0.9991198182106018 0.9984592199325562
0.9937633275985718 0.9934392571449280 0.9982942938804626 0.9961485266685486 0.9941677451133728 0.9968996047973633 0.9946427345275879 0.9941214323043823 0.9936071038246155 0.9949510693550110 1.0050708055496216 1.0035471916198730 0.9968603849411011 1.0014704465866089 0.9985516667366028 0.9955066442489624 0.9982506632804871 1.0050332546234131 1.0079157352447510 1.0079029798507690 1.0064810514450073 1.0078334808349609 1.0073990821838379 1.0037622451782227 0.9963096976280212 1.0039203166961670 1.0079442262649536 1.0078412294387817 1.0051949024200439 1.0076575279235840 1.0067366361618042 1.0012671947479248 0.9941607713699341 0.9969566464424133 1.0065778493881226 1.0053306818008423 0.9973783493041992 1.0042431354522705 1.0020283460617065 0.9961315393447876 0.9968170523643494 1.0018454790115356 1.0079559087753296 1.0077668428421021 1.0041649341583252 1.0075170993804932 1.0060216188430786 1.0015494823455811 0.9944506883621216 0.9991449713706970 1.0074541568756104 1.0069009065628052 1.0019662380218506 1.0061240196228027 1.0041716098785400 0.9979099631309509 0.9937170147895813 0.9958022236824036 1.0037044286727905 1.0011562108993530 0.9959414601325989 1.0014067888259888 0.9976095557212830 0.9948930144309998 0.9953252673149109 1.0045560598373413 1.0043846368789673 0.9989430904388428 1.0035380125045776 0.9993619322776794 0.9964008927345276 0.9939485192298889 1.0046616792678833 1.0078532695770264 1.0078407526016235 1.0075370073318481 1.0077402591705322 1.0075383186340332 1.0061221122741699 1.0018188953399658 1.0045210123062134 1.0078725814819336 1.0078291893005371 1.0074039697647095 1.0077565908432007 1.0074267387390137 1.0058550834655762 0.9993453025817871 0.9994554519653320 1.0076687335968018 1.0075323581695557 1.0049680471420288 1.0071330070495605 1.0058133602142334 1.0014911890029907 0.9963189363479614 1.0037437677383423 1.0079412460327148 1.0079027414321899 1.0071620941162109 1.0077655315399170 1.0075640678405762 1.0050846338272095 0.9973212480545044 0.9995497465133667 1.0077242851257324 1.0077375173568726 1.0060203075408936 1.0076586008071899 1.0069298744201660 1.0022723674774170 0.9958329200744629 0.9965189099311829 1.0062803030014038 1.0059814453125000 1.0014827251434326 1.0049692392349243 1.0022667646408081 0.9982646107673645 0.9946998953819275 0.9939590692520142 1.0017452239990234 0.9993034005165100 0.9961085319519043 0.9975153803825378 0.9958239197731018 0.9948614835739136 0.9943192005157471
0.9934674501419067 0.9940547943115234 1.0031833648681641 0.9929504394531250 0.9935069680213928 0.9960999488830566 0.9925768375396729 0.9937957525253296 0.9944115281105042 1.0071800947189331 1.0080995559692383 1.0066473484039307 1.0063904523849487 1.0077850818634033 1.0054105520248413 1.0023189783096313 1.0033360719680786 1.0080852508544922 1.0081011056900024 1.0080695152282715 1.0080294609069824 1.0081011056900024 1.0078876018524170 1.0077427625656128 0.9929148554801941 1.0067728757858276 1.0080708265304565 1.0067286491394043 1.0056532621383667 1.0079846382141113 1.0028216838836670 1.0001461505889893 0.9933346509933472 1.0062612295150757 1.0080240964889526 1.0056227445602417 1.0028688907623291 1.0078992843627930 0.9990354180335999 1.0009424686431885 0.9959875345230103 1.0080029964447021 1.0081011056900024 1.0079934597015381 1.0079504251480103 1.0081011056900024 1.0077810287475586 1.0058939456939697 0.9923540949821472 1.0049408674240112 1.0080381631851196 1.0027672052383423 0.9991092681884766 1.0077697038650513 0.9958781599998474 0.9947164654731750 0.9933719038963318 1.0031141042709351 1.0076129436492920 1.0003967285156250 1.0016427040100098 1.0062116384506226 0.9946184754371643 1.0023635625839233 0.9931810498237610 0.9924384951591492 1.0002090930938721 0.9952661395072937 0.9927793145179749 0.9983752369880676 0.9936525821685791 0.9932308793067932 0.9924492835998535 0.9921051263809204 1.0061647891998291 0.9924258589744568 0.9921611547470093 1.0051932334899902 0.9923747777938843 0.9923189282417297 1.0002624988555908 1.0065593719482422 1.0080578327178955 1.0080236196517944 1.0039377212524414 1.0079101324081421 1.0078990459442139 1.0029594898223877 0.9955087304115295 0.9925032258033752 1.0081011056900024 1.0067762136459351 0.9921655058860779 1.0080225467681885 1.0013101100921631 0.9927036762237549 0.9927713871002197 0.9920390844345093 1.0039687156677246 0.9921561479568481 0.9921449422836304 1.0012208223342896 0.9924675226211548 0.9965453743934631 0.9985890984535217 1.0049439668655396 1.0079635381698608 1.0080312490463257 1.0011010169982910 1.0080559253692627 1.0078783035278320 0.9974552989006042 0.9939265847206116 0.9922179579734802 1.0080426931381226 1.0012303590774536 0.9926109313964844 1.0076996088027954 0.9945445060729980 0.9928592443466187 0.9932566881179810 0.9925208687782288 1.0027878284454346 0.9925321340560913 0.9966054558753967 0.9978220462799072 0.9931150078773499 0.9939213991165161
1.0000000000000000 1.0000000000000000 1.0000000000000000 1.0000000000000000 1.0000000000000000 1.0000000000000000 1.0000000000000000 1.0000000000000000 1.0000000000000000 1.0000000000000000 1.0000000000000000 1.0000000000000000 1.0000000000000000 1.0000000000000000 1.0000000000000000 1.0000000000000000 1.0000000000000000 1.0000000000000000 1.0000000000000000 1.0000000000000000 1.0000000000000000 1.0000000000000000 1.0000000000000000 1.0000000000000000 1.0000000000000000 1.0000000000000000 1.0000000000000000 1.0000000000000000 1.0000000000000000 1.0000000000000000 1.0000000000000000 1.0000000000000000 1.0000000000000000 1.0000000000000000 1.0000000000000000 1.0000000000000000 1.0000000000000000 1.0000000000000000 1.0000000000000000 1.0000000000000000 1.0000000000000000 1.0000000000000000 1.0000000000000000 1.0000000000000000 1.0000000000000000 1.0000000000000000 1.0000000000000000 1.0000000000000000 1.0000000000000000 1.0000000000000000 1.0000000000000000 1.0000000000000000 1.0000000000000000 1.0000000000000000 1.0000000000000000 1.0000000000000000 1.0000000000000000 1.0000000000000000 1.0000000000000000 1.0000000000000000 1.0000000000000000 1.0000000000000000 1.0000000000000000 1.0000000000000000 1.0000000000000000 1.0000000000000000 1.0000000000000000 1.0000000000000000 1.0000000000000000 1.0000000000000000 1.0000000000000000 1.0000000000000000 1.0000000000000000 1.0000000000000000 1.0000000000000000 1.0000000000000000 1.0000000000000000 1.0000000000000000 1.0000000000000000 1.0000000000000000 1.0000000000000000 1.0000000000000000 1.0000000000000000 1.0000000000000000 1.0000000000000000 1.0000000000000000 1.0000000000000000 1.0000000000000000 1.0000000000000000 1.0000000000000000 1.0000000000000000 1.0000000000000000 1.0000000000000000 1.0000000000000000 1.0000000000000000 1.0000000000000000 1.0000000000000000 1.0000000000000000 1.0000000000000000 1.0000000000000000 1.0000000000000000 1.0000000000000000 1.0000000000000000 1.0000000000000000 1.0000000000000000 1.0000000000000000 1.0000000000000000 1.0000000000000000 1.0000000000000000 1.0000000000000000 1.0000000000000000 1.0000000000000000 1.0000000000000000 1.0000000000000000 1.0000000000000000 1.0000000000000000 1.0000000000000000 1.0000000000000000 1.0000000000000000 1.0000000000000000 1.0000000000000000 1.0000000000000000 1.0000000000000000 1.0000000000000000 1.0000000000000000 1.0000000000000000 1.0000000000000000 1.0000000000000000
1.0000000000000000 1.0000000000000000 1.0000000000000000 1.0000000000000000 1.0000000000000000 1.0000000000000000 1.0000000000000000 1.0000000000000000 1.0000000000000000 1.0000000000000000 1.0000000000000000 1.0000000000000000 1.0000000000000000 1.0000000000000000 1.0000000000000000 1.0000000000000000 1.0000000000000000 1.0000000000000000 1.0000000000000000 1.0000000000000000 1.0000000000000000 1.0000000000000000 1.0000000000000000 1.0000000000000000 1.0000000000000000 1.0000000000000000 1.0000000000000000 1.0000000000000000 1.0000000000000000 1.0000000000000000 1.0000000000000000 1.0000000000000000 1.0000000000000000 1.0000000000000000 1.0000000000000000 1.0000000000000000 1.0000000000000000 1.0000000000000000 1.0000000000000000 1.0000000000000000 1.0000000000000000 1.0000000000000000 1.0000000000000000 1.0000000000000000 1.0000000000000000 1.0000000000000000 1.0000000000000000 1.0000000000000000 1.0000000000000000 1.0000000000000000 1.0000000000000000 1.0000000000000000 1.0000000000000000 1.0000000000000000 1.0000000000000000 1.0000000000000000 1.0000000000000000 1.0000000000000000 1.0000000000000000 1.0000000000000000 1.0000000000000000 1.0000000000000000 1.0000000000000000 1.0000000000000000 1.0000000000000000 1.0000000000000000 1.0000000000000000 1.0000000000000000 1.0000000000000000 1.0000000000000000 1.0000000000000000 1.0000000000000000 1.0000000000000000 1.0000000000000000 1.0000000000000000 1.0000000000000000 1.0000000000000000 1.0000000000000000 1.0000000000000000 1.0000000000000000 1.0000000000000000 1.0000000000000000 1.0000000000000000 1.0000000000000000 1.0000000000000000 1.0000000000000000 1.0000000000000000 1.0000000000000000 1.0000000000000000 1.0000000000000000 1.0000000000000000 1.0000000000000000 1.0000000000000000 1.0000000000000000 1.0000000000000000 1.0000000000000000 1.0000000000000000 1.0000000000000000 1.0000000000000000 1.0000000000000000 1.0000000000000000 1.0000000000000000 1.0000000000000000 1.0000000000000000 1.0000000000000000 1.0000000000000000 1.0000000000000000 1.0000000000000000 1.0000000000000000 1.0000000000000000 1.0000000000000000 1.0000000000000000 1.0000000000000000 1.0000000000000000 1.0000000000000000 1.0000000000000000 1.0000000000000000 1.0000000000000000 1.0000000000000000 1.0000000000000000 1.0000000000000000 1.0000000000000000 1.0000000000000000 1.0000000000000000 1.0000000000000000 1.0000000000000000 1.0000000000000000 1.0000000000000000
1.0000000000000000 1.0000000000000000 1.0000000000000000 1.0000000000000000 1.0000000000000000 1.0000000000000000 1.0000000000000000 1.0000000000000000 1.0000000000000000 1.0000000000000000 1.0000000000000000 1.0000000000000000 1.0000000000000000 1.0000000000000000 1.0000000000000000 1.0000000000000000 1.0000000000000000 1.0000000000000000 1.0000000000000000 1.0000000000000000 1.0000000000000000 1.0000000000000000 1.0000000000000000 1.0000000000000000 1.0000000000000000 1.0000000000000000 1.0000000000000000 1.0000000000000000 1.0000000000000000 1.0000000000000000 1.0000000000000000 1.0000000000000000 1.0000000000000000 1.0000000000000000 1.0000000000000000 1.0000000000000000 1.0000000000000000 1.0000000000000000 1.0000000000000000 1.0000000000000000 1.0000000000000000 1.0000000000000000 1.0000000000000000 1.0000000000000000 1.0000000000000000 1.0000000000000000 1.0000000000000000 1.0000000000000000 1.0000000000000000 1.0000000000000000 1.0000000000000000 1.0000000000000000 1.0000000000000000 1.0000000000000000 1.0000000000000000 1.0000000000000000 1.0000000000000000 1.0000000000000000 1.0000000000000000 1.0000000000000000 1.0000000000000000 1.0000000000000000 1.0000000000000000 1.0000000000000000 1.0000000000000000 1.0000000000000000 1.0000000000000000 1.0000000000000000 1.0000000000000000 1.0000000000000000 1.0000000000000000 1.0000000000000000 1.0000000000000000 1.0000000000000000 1.0000000000000000 1.0000000000000000 1.0000000000000000 1.0000000000000000 1.0000000000000000 1.0000000000000000 1.0000000000000000 1.0000000000000000 1.0000000000000000 1.0000000000000000 1.0000000000000000 1.0000000000000000 1.0000000000000000 1.0000000000000000 1.0000000000000000 1.0000000000000000 1.0000000000000000 1.0000000000000000 1.0000000000000000 1.0000000000000000 1.0000000000000000 1.0000000000000000 1.0000000000000000 1.0000000000000000 1.0000000000000000 1.0000000000000000 1.0000000000000000 1.0000000000000000 1.0000000000000000 1.0000000000000000 1.0000000000000000 1.0000000000000000 1.0000000000000000 1.0000000000000000 1.0000000000000000 1.0000000000000000 1.0000000000000000 1.0000000000000000 1.0000000000000000 1.0000000000000000 1.0000000000000000 1.0000000000000000 1.0000000000000000 1.0000000000000000 1.0000000000000000 1.0000000000000000 1.0000000000000000 1.0000000000000000 1.0000000000000000 1.0000000000000000 1.0000000000000000 1.0000000000000000 1.0000000000000000 1.0000000000000000
1.0000000000000000 1.0000000000000000 1.0000000000000000 1.0000000000000000 1.0000000000000000 1.0000000000000000 1.0000000000000000 1.0000000000000000 1.0000000000000000 1.0000000000000000 1.0000000000000000 1.0000000000000000 1.0000000000000000 1.0000000000000000 1.0000000000000000 1.0000000000000000 1.0000000000000000 1.0000000000000000 1.0000000000000000 1.0000000000000000 1.0000000000000000 1.0000000000000000 1.0000000000000000 1.0000000000000000 1.0000000000000000 1.0000000000000000 1.0000000000000000 1.0000000000000000 1.0000000000000000 1.0000000000000000 1.0000000000000000 1.0000000000000000 1.0000000000000000 1.0000000000000000 1.0000000000000000 1.0000000000000000 1.0000000000000000 1.0000000000000000 1.0000000000000000 1.0000000000000000 1.0000000000000000 1.0000000000000000 1.0000000000000000 1.0000000000000000 1.0000000000000000 1.0000000000000000 1.0000000000000000 1.0000000000000000 1.0000000000000000 1.0000000000000000 1.0000000000000000 1.0000000000000000 1.0000000000000000 1.0000000000000000 1.0000000000000000 1.0000000000000000 1.0000000000000000 1.0000000000000000 1.0000000000000000 1.0000000000000000 1.0000000000000000 1.0000000000000000 1.0000000000000000 1.0000000000000000 1.0000000000000000 1.0000000000000000 1.0000000000000000 1.0000000000000000 1.0000000000000000 1.0000000000000000 1.0000000000000000 1.0000000000000000 1.0000000000000000 1.0000000000000000 1.0000000000000000 1.0000000000000000 1.0000000000000000 1.0000000000000000 1.0000000000000000 1.0000000000000000 1.0000000000000000 1.0000000000000000 1.0000000000000000 1.0000000000000000 1.0000000000000000 1.0000000000000000 1.0000000000000000 1.0000000000000000 1.0000000000000000 1.0000000000000000 1.0000000000000000 1.0000000000000000 1.0000000000000000 1.0000000000000000 1.0000000000000000 1.0000000000000000 1.0000000000000000 1.0000000000000000 1.0000000000000000 1.0000000000000000 1.0000000000000000 1.0000000000000000 1.0000000000000000 1.0000000000000000 1.0000000000000000 1.0000000000000000 1.0000000000000000 1.0000000000000000 1.0000000000000000 1.0000000000000000 1.0000000000000000 1.0000000000000000 1.0000000000000000 1.0000000000000000 1.0000000000000000 1.0000000000000000 1.0000000000000000 1.0000000000000000 1.0000000000000000 1.0000000000000000 1.0000000000000000 1.0000000000000000 1.0000000000000000 1.0000000000000000 1.0000000000000000 1.0000000000000000 1.0000000000000000 1.0000000000000000
1.0000000000000000 1.0000000000000000 1.0000000000000000 1.0000000000000000 1.0000000000000000 1.0000000000000000 1.0000000000000000 1.0000000000000000 1.0000000000000000 1.0000000000000000 1.0000000000000000 1.0000000000000000 1.0000000000000000 1.0000000000000000 1.0000000000000000 1.0000000000000000 1.0000000000000000 1.0000000000000000 1.0000000000000000 1.0000000000000000 1.0000000000000000 1.0000000000000000 1.0000000000000000 1.0000000000000000 1.0000000000000000 1.0000000000000000 1.0000000000000000 1.0000000000000000 1.0000000000000000 1.0000000000000000 1.0000000000000000 1.0000000000000000 1.0000000000000000 1.0000000000000000 1.0000000000000000 1.0000000000000000 1.0000000000000000 1.0000000000000000 1.0000000000000000 1.0000000000000000 1.0000000000000000 1.0000000000000000 1.0000000000000000 1.0000000000000000 1.0000000000000000 1.0000000000000000 1.0000000000000000 1.0000000000000000 1.0000000000000000 1.0000000000000000 1.0000000000000000 1.0000000000000000 1.0000000000000000 1.0000000000000000 1.0000000000000000 1.0000000000000000 1.0000000000000000 1.0000000000000000 1.0000000000000000 1.0000000000000000 1.0000000000000000 1.0000000000000000 1.0000000000000000 1.0000000000000000 1.0000000000000000 1.0000000000000000 1.0000000000000000 1.0000000000000000 1.0000000000000000 1.0000000000000000 1.0000000000000000 1.0000000000000000 1.0000000000000000 1.0000000000000000 1.0000000000000000 1.0000000000000000 1.0000000000000000 1.0000000000000000 1.0000000000000000 1.0000000000000000 1.0000000000000000 1.0000000000000000 1.0000000000000000 1.0000000000000000 1.0000000000000000 1.0000000000000000 1.0000000000000000 1.0000000000000000 1.0000000000000000 1.0000000000000000 1.0000000000000000 1.0000000000000000 1.0000000000000000 1.0000000000000000 1.0000000000000000 1.0000000000000000 1.0000000000000000 1.0000000000000000 1.0000000000000000 1.0000000000000000 1.0000000000000000 1.0000000000000000 1.0000000000000000 1.0000000000000000 1.0000000000000000 1.0000000000000000 1.0000000000000000 1.0000000000000000 1.0000000000000000 1.0000000000000000 1.0000000000000000 1.0000000000000000 1.0000000000000000 1.0000000000000000 1.0000000000000000 1.0000000000000000 1.0000000000000000 1.0000000000000000 1.0000000000000000 1.0000000000000000 1.0000000000000000 1.0000000000000000 1.0000000000000000 1.0000000000000000 1.0000000000000000 1.0000000000000000 1.0000000000000000 1.0000000000000000
1.0000000000000000 1.0000000000000000 1.0000000000000000 1.0000000000000000 1.0000000000000000 1.0000000000000000 1.0000000000000000 1.0000000000000000 1.0000000000000000 1.0000000000000000 1.0000000000000000 1.0000000000000000 1.0000000000000000 1.0000000000000000 1.0000000000000000 1.0000000000000000 1.0000000000000000 1.0000000000000000 1.0000000000000000 1.0000000000000000 1.0000000000000000 1.0000000000000000 1.0000000000000000 1.0000000000000000 1.0000000000000000 1.0000000000000000 1.0000000000000000 1.0000000000000000 1.0000000000000000 1.0000000000000000 1.0000000000000000 1.0000000000000000 1.0000000000000000 1.0000000000000000 1.0000000000000000 1.0000000000000000 1.0000000000000000 1.0000000000000000 1.0000000000000000 1.0000000000000000 1.0000000000000000 1.0000000000000000 1.0000000000000000 1.0000000000000000 1.0000000000000000 1.0000000000000000 1.0000000000000000 1.0000000000000000 1.0000000000000000 1.0000000000000000 1.0000000000000000 1.0000000000000000 1.0000000000000000 1.0000000000000000 1.0000000000000000 1.0000000000000000 1.0000000000000000 1.0000000000000000 1.0000000000000000 1.0000000000000000 1.0000000000000000 1.0000000000000000 1.0000000000000000 1.0000000000000000 1.0000000000000000 1.0000000000000000 1.0000000000000000 1.0000000000000000 1.0000000000000000 1.0000000000000000 1.0000000000000000 1.0000000000000000 1.0000000000000000 1.0000000000000000 1.0000000000000000 1.0000000000000000 1.0000000000000000 1.0000000000000000 1.0000000000000000 1.0000000000000000 1.0000000000000000 1.0000000000000000 1.0000000000000000 1.0000000000000000 1.0000000000000000 1.0000000000000000 1.0000000000000000 1.0000000000000000 1.0000000000000000 1.0000000000000000 1.0000000000000000 1.0000000000000000 1.0000000000000000 1.0000000000000000 1.0000000000000000 1.0000000000000000 1.0000000000000000 1.0000000000000000 1.0000000000000000 1.0000000000000000 1.0000000000000000 1.0000000000000000 1.0000000000000000 1.0000000000000000 1.0000000000000000 1.0000000000000000 1.0000000000000000 1.0000000000000000 1.0000000000000000 1.0000000000000000 1.0000000000000000 1.0000000000000000 1.0000000000000000 1.0000000000000000 1.0000000000000000 1.0000000000000000 1.0000000000000000 1.0000000000000000 1.0000000000000000 1.0000000000000000 1.0000000000000000 1.0000000000000000 1.0000000000000000 1.0000000000000000 1.0000000000000000 1.0000000000000000 1.0000000000000000 1.0000000000000000
1.0000000000000000 1.0000000000000000 1.0000000000000000 1.0000000000000000 1.0000000000000000 1.0000000000000000 1.0000000000000000 1.0000000000000000 1.0000000000000000 1.0000000000000000 1.0000000000000000 1.0000000000000000 1.0000000000000000 1.0000000000000000 1.0000000000000000 1.0000000000000000 1.0000000000000000 1.0000000000000000 1.0000000000000000 1.0000000000000000 1.0000000000000000 1.0000000000000000 1.0000000000000000 1.0000000000000000 1.0000000000000000 1.0000000000000000 1.0000000000000000 1.0000000000000000 1.0000000000000000 1.0000000000000000 1.0000000000000000 1.0000000000000000 1.0000000000000000 1.0000000000000000 1.0000000000000000 1.0000000000000000 1.0000000000000000 1.0000000000000000 1.0000000000000000 1.0000000000000000 1.0000000000000000 1.0000000000000000 1.0000000000000000 1.0000000000000000 1.0000000000000000 1.0000000000000000 1.0000000000000000 1.0000000000000000 1.0000000000000000 1.0000000000000000 1.0000000000000000 1.0000000000000000 1.0000000000000000 1.0000000000000000 1.0000000000000000 1.0000000000000000 1.0000000000000000 1.0000000000000000 1.0000000000000000 1.0000000000000000 1.0000000000000000 1.0000000000000000 1.0000000000000000 1.0000000000000000 1.0000000000000000 1.0000000000000000 1.0000000000000000 1.0000000000000000 1.0000000000000000 1.0000000000000000 1.0000000000000000 1.0000000000000000 1.0000000000000000 1.0000000000000000 1.0000000000000000 1.0000000000000000 1.0000000000000000 1.0000000000000000 1.0000000000000000 1.0000000000000000 1.0000000000000000 1.0000000000000000 1.0000000000000000 1.0000000000000000 1.0000000000000000 1.0000000000000000 1.0000000000000000 1.0000000000000000 1.0000000000000000 1.0000000000000000 1.0000000000000000 1.0000000000000000 1.0000000000000000 1.0000000000000000 1.0000000000000000 1.0000000000000000 1.0000000000000000 1.0000000000000000 1.0000000000000000 1.0000000000000000 1.0000000000000000 1.0000000000000000 1.0000000000000000 1.0000000000000000 1.0000000000000000 1.0000000000000000 1.0000000000000000 1.0000000000000000 1.0000000000000000 1.0000000000000000 1.0000000000000000 1.0000000000000000 1.0000000000000000 1.0000000000000000 1.0000000000000000 1.0000000000000000 1.0000000000000000 1.0000000000000000 1.0000000000000000 1.0000000000000000 1.0000000000000000 1.0000000000000000 1.0000000000000000 1.0000000000000000 1.0000000000000000 1.0000000000000000 1.0000000000000000 1.0000000000000000
1.0000000000000000 1.0000000000000000 1.0000000000000000 1.0000000000000000 1.0000000000000000 1.0000000000000000 1.0000000000000000 1.0000000000000000 1.0000000000000000 1.0000000000000000 1.0000000000000000 1.0000000000000000 1.0000000000000000 1.0000000000000000 1.0000000000000000 1.0000000000000000 1.0000000000000000 1.0000000000000000 1.0000000000000000 1.0000000000000000 1.0000000000000000 1.0000000000000000 1.0000000000000000 1.0000000000000000 1.0000000000000000 1.0000000000000000 1.0000000000000000 1.0000000000000000 1.0000000000000000 1.0000000000000000 1.0000000000000000 1.0000000000000000 1.0000000000000000 1.0000000000000000 1.0000000000000000 1.0000000000000000 1.0000000000000000 1.0000000000000000 1.0000000000000000 1.0000000000000000 1.0000000000000000 1.0000000000000000 1.0000000000000000 1.0000000000000000 1.0000000000000000 1.0000000000000000 1.0000000000000000 1.0000000000000000 1.0000000000000000 1.0000000000000000 1.0000000000000000 1.0000000000000000 1.0000000000000000 1.0000000000000000 1.0000000000000000 1.0000000000000000 1.0000000000000000 1.0000000000000000 1.0000000000000000 1.0000000000000000 1.0000000000000000 1.0000000000000000 1.0000000000000000 1.0000000000000000 1.0000000000000000 1.0000000000000000 1.0000000000000000 1.0000000000000000 1.0000000000000000 1.0000000000000000 1.0000000000000000 1.0000000000000000 1.0000000000000000 1.0000000000000000 1.0000000000000000 1.0000000000000000 1.0000000000000000 1.0000000000000000 1.0000000000000000 1.0000000000000000 1.0000000000000000 1.0000000000000000 1.0000000000000000 1.0000000000000000 1.0000000000000000 1.0000000000000000 1.0000000000000000 1.0000000000000000 1.0000000000000000 1.0000000000000000 1.0000000000000000 1.0000000000000000 1.0000000000000000 1.0000000000000000 1.0000000000000000 1.0000000000000000 1.0000000000000000 1.0000000000000000 1.0000000000000000 1.0000000000000000 1.0000000000000000 1.0000000000000000 1.0000000000000000 1.0000000000000000 1.0000000000000000 1.0000000000000000 1.0000000000000000 1.0000000000000000 1.0000000000000000 1.0000000000000000 1.0000000000000000 1.0000000000000000 1.0000000000000000 1.0000000000000000 1.0000000000000000 1.0000000000000000 1.0000000000000000 1.0000000000000000 1.0000000000000000 1.0000000000000000 1.0000000000000000 1.0000000000000000 1.0000000000000000 1.0000000000000000 1.0000000000000000 1.0000000000000000 1.0000000000000000 1.0000000000000000
1.0000000000000000 1.0000000000000000 1.0000000000000000 1.0000000000000000 1.0000000000000000 1.0000000000000000 1.0000000000000000 1.0000000000000000 1.0000000000000000 1.0000000000000000 1.0000000000000000 1.0000000000000000 1.0000000000000000 1.0000000000000000 1.0000000000000000 1.0000000000000000 1.0000000000000000 1.0000000000000000 1.0000000000000000 1.0000000000000000 1.0000000000000000 1.0000000000000000 1.0000000000000000 1.0000000000000000 1.0000000000000000 1.0000000000000000 1.0000000000000000 1.0000000000000000 1.0000000000000000 1.0000000000000000 1.0000000000000000 1.0000000000000000 1.0000000000000000 1.0000000000000000 1.0000000000000000 1.0000000000000000 1.0000000000000000 1.0000000000000000 1.0000000000000000 1.0000000000000000 1.0000000000000000 1.0000000000000000 1.0000000000000000 1.0000000000000000 1.0000000000000000 1.0000000000000000 1.0000000000000000 1.0000000000000000 1.0000000000000000 1.0000000000000000 1.0000000000000000 1.0000000000000000 1.0000000000000000 1.0000000000000000 1.0000000000000000 1.0000000000000000 1.0000000000000000 1.0000000000000000 1.0000000000000000 1.0000000000000000 1.0000000000000000 1.0000000000000000 1.0000000000000000 1.0000000000000000 1.0000000000000000 1.0000000000000000 1.0000000000000000 1.0000000000000000 1.0000000000000000 1.0000000000000000 1.0000000000000000 1.0000000000000000 1.0000000000000000 1.0000000000000000 1.0000000000000000 1.0000000000000000 1.0000000000000000 1.0000000000000000 1.0000000000000000 1.0000000000000000 1.0000000000000000 1.0000000000000000 1.0000000000000000 1.0000000000000000 1.0000000000000000 1.0000000000000000 1.0000000000000000 1.0000000000000000 1.0000000000000000 1.0000000000000000 1.0000000000000000 1.0000000000000000 1.0000000000000000 1.0000000000000000 1.0000000000000000 1.0000000000000000 1.0000000000000000 1.0000000000000000 1.0000000000000000 1.0000000000000000 1.0000000000000000 1.0000000000000000 1.0000000000000000 1.0000000000000000 1.0000000000000000 1.0000000000000000 1.0000000000000000 1.0000000000000000 1.0000000000000000 1.0000000000000000 1.0000000000000000 1.0000000000000000 1.0000000000000000 1.0000000000000000 1.0000000000000000 1.0000000000000000 1.0000000000000000 1.0000000000000000 1.0000000000000000 1.0000000000000000 1.0000000000000000 1.0000000000000000 1.0000000000000000 1.0000000000000000 1.0000000000000000 1.0000000000000000 1.0000000000000000 1.0000000000000000
