19
0.9936254620552063 0.9936254620552063 0.9936254620552063 0.9936254620552063 0.9936254620552063 0.9936254620552063 0.9936254620552063 0.9936254620552063 0.9936254620552063 0.9936254620552063 0.9936254620552063 0.9936254620552063 0.9936254620552063 0.9936254620552063 0.9936254620552063 0.9936254620552063 0.9936254620552063 0.9936254620552063 1.0063744783401489 1.0063744783401489 0.9936254620552063 1.0063744783401489 1.0063744783401489 0.9936254620552063 0.9936254620552063 0.9936254620552063 1.0063744783401489 1.0063744783401489 0.9936254620552063 1.0063744783401489 0.9990032315254211 0.9936254620552063 0.9936254620552063 0.9936254620552063 0.9936254620552063 0.9936254620552063 0.9936254620552063 0.9936254620552063 0.9936254620552063 0.9936254620552063 0.9936254620552063 0.9936254620552063 1.0063744783401489 1.0063744783401489 0.9936254620552063 1.0063744783401489 1.0028654336929321 0.9936254620552063 0.9936254620552063 0.9936254620552063 1.0063744783401489 0.9998301267623901 0.9936254620552063 1.0026441812515259 0.9936254620552063 0.9936254620552063 0.9936254620552063 0.9936254620552063 0.9936254620552063 0.9936254620552063 0.9936254620552063 0.9936254620552063 0.9936254620552063 0.9936254620552063 0.9936254620552063 0.9936254620552063 0.9936254620552063 0.9936254620552063 0.9936254620552063 0.9936254620552063 0.9936254620552063 0.9936254620552063 0.9936254620552063 0.9965929985046387 0.9984881877899170 0.9936254620552063 0.9968771934509277 0.9943878054618835 0.9936254620552063 0.9936254620552063 0.9936254620552063 0.9984545707702637 1.0008262395858765 0.9936254620552063 1.0012440681457520 0.9954461455345154 0.9936254620552063 0.9936254620552063 0.9936254620552063 0.9936254620552063 0.9936254620552063 0.9936254620552063 0.9936254620552063 0.9936254620552063 0.9936254620552063 0.9936254620552063 0.9936254620552063 0.9984081983566284 1.0007026195526123 0.9936254620552063 1.0004447698593140 0.9948078393936157 0.9936254620552063 0.9936254620552063 0.9936254620552063 0.9949372410774231 0.9951987266540527 0.9936254620552063 0.9947887659072876 0.9936938881874084 0.9936254620552063 0.9936254620552063 0.9936254620552063 0.9936254620552063 0.9936254620552063 0.9936254620552063 0.9936254620552063 0.9936254620552063 0.9936254620552063 0.9936254620552063 0.9936254620552063 0.9936254620552063 0.9936254620552063 0.9936254620552063 0.9936254620552063 0.9936254620552063 0.9936254620552063 0.9936254620552063
0.9936254620552063 0.9936254620552063 0.9936254620552063 0.9936254620552063 0.9936254620552063 0.9936254620552063 0.9936254620552063 0.9936254620552063 0.9936254620552063 0.9936254620552063 1.0063744783401489 0.9936254620552063 0.9936254620552063 1.0063744783401489 0.9936254620552063 0.9936254620552063 0.9936254620552063 1.0063744783401489 1.0063744783401489 1.0043916702270508 1.0029813051223755 1.0063744783401489 1.0062974691390991 1.0063744783401489 0.9936254620552063 0.9936254620552063 1.0052162408828735 0.9936254620552063 0.9936254620552063 0.9986122846603394 0.9936254620552063 0.9936254620552063 0.9936254620552063 0.9936254620552063 1.0029793977737427 0.9936254620552063 0.9936254620552063 0.9952210187911987 0.9936254620552063 0.9936254620552063 0.9936254620552063 1.0063744783401489 1.0063744783401489 0.9973809123039246 0.9952260851860046 1.0063744783401489 1.0056779384613037 1.0063744783401489 0.9936254620552063 0.9936254620552063 1.0063744783401489 0.9936254620552063 0.9936254620552063 1.0050967931747437 0.9936254620552063 0.9936254620552063 0.9936254620552063 0.9936254620552063 1.0063744783401489 0.9936254620552063 0.9936254620552063 1.0063744783401489 0.9936254620552063 1.0061508417129517 0.9936254620552063 0.9936254620552063 0.9936254620552063 0.9936254620552063 0.9936254620552063 0.9936254620552063 0.9936254620552063 0.9936254620552063 0.9936254620552063 0.9936254620552063 1.0063744783401489 0.9936254620552063 0.9936254620552063 1.0049070119857788 0.9936254620552063 0.9936254620552063 0.9936254620552063 1.0063744783401489 1.0063744783401489 1.0063744783401489 1.0056431293487549 1.0063744783401489 1.0063744783401489 1.0041341781616211 0.9936254620552063 0.9936254620552063 1.0063744783401489 1.0060262680053711 0.9936254620552063 1.0063744783401489 0.9936254620552063 0.9936254620552063 0.9936254620552063 0.9936254620552063 1.0058802366256714 0.9936254620552063 0.9936254620552063 0.9936805367469788 0.9936254620552063 0.9936254620552063 0.9936254620552063 1.0044919252395630 1.0063744783401489 1.0063744783401489 0.9936254620552063 1.0063744783401489 1.0063744783401489 0.9936254620552063 0.9936254620552063 0.9936254620552063 1.0063744783401489 0.9936254620552063 0.9936254620552063 1.0063744783401489 0.9936254620552063 0.9936254620552063 0.9936254620552063 0.9936254620552063 1.0047888755798340 0.9936254620552063 0.9936254620552063 0.9936254620552063 0.9936254620552063 0.9936254620552063
0.9999663233757019 0.9999705553054810 1.0000162124633789 0.9999972581863403 0.9999719262123108 1.0000110864639282 1.0000005960464478 0.9999833106994629 0.9999673962593079 0.9999740123748779 1.0000268220901489 0.9999926090240479 0.9999808073043823 1.0000288486480713 1.0000133514404297 1.0000053644180298 0.9999790191650391 0.9999890923500061 1.0000399351119995 1.0000272989273071 0.9999897480010986 1.0000278949737549 1.0000245571136475 1.0000166893005371 0.9999600052833557 0.9999790191650391 1.0000172853469849 1.0000153779983521 0.9999907612800598 1.0000188350677490 1.0000183582305908 0.9999924898147583 0.9999600052833557 0.9999603629112244 0.9999943375587463 0.9999856948852539 0.9999706149101257 0.9999947547912598 0.9999974966049194 0.9999837875366211 0.9999605417251587 0.9999845027923584 1.0000097751617432 1.0000227689743042 0.9999870657920837 1.0000225305557251 1.0000133514404297 1.0000008344650269 0.9999783039093018 0.9999754428863525 0.9999831914901733 1.0000005960464478 0.9999789595603943 1.0000128746032715 1.0000088214874268 1.0000003576278687 1.0000399351119995 0.9999754428863525 0.9999982118606567 0.9999876618385315 0.9999646544456482 0.9999950528144836 0.9999943375587463 0.9999945759773254 0.9999745488166809 1.0000011920928955 1.0000351667404175 0.9999601244926453 1.0000399351119995 0.9999924898147583 1.0000040531158447 1.0000004768371582 1.0000194311141968 1.0000399351119995 1.0000399351119995 0.9999868869781494 1.0000298023223877 1.0000399351119995 1.0000399351119995 0.9999907016754150 0.9999891519546509 1.0000399351119995 1.0000275373458862 1.0000073909759521 1.0000004768371582 1.0000303983688354 1.0000213384628296 0.9999742507934570 0.9999656081199646 0.9999836683273315 0.9999722838401794 0.9999963641166687 0.9999848604202271 1.0000038146972656 1.0000013113021851 0.9999654293060303 0.9999814033508301 1.0000312328338623 1.0000101327896118 0.9999963641166687 1.0000114440917969 1.0000278949737549 1.0000178813934326 0.9999602437019348 0.9999600052833557 0.9999906420707703 0.9999775886535645 0.9999819993972778 1.0000118017196655 1.0000222921371460 1.0000002384185791 0.9999841451644897 0.9999840855598450 0.9999980926513672 0.9999910593032837 0.9999707937240601 0.9999983310699463 1.0000028610229492 0.9999901652336121 1.0000283718109131 0.9999784827232361 0.9999918937683105 1.0000003576278687 0.9999600052833557 1.0000023841857910 0.9999862313270569 0.9999925494194031 0.9999976754188538
0.9999600052833557 0.9999600052833557 0.9999657869338989 0.9999600052833557 0.9999600052833557 0.9999720454216003 0.9999600052833557 1.0000399351119995 0.9999600052833557 1.0000399351119995 1.0000399351119995 0.9999813437461853 0.9999600052833557 1.0000399351119995 1.0000399351119995 1.0000399351119995 0.9999600052833557 1.0000399351119995 1.0000399351119995 1.0000399351119995 0.9999766945838928 1.0000399351119995 1.0000399351119995 1.0000399351119995 0.9999600052833557 1.0000321865081787 1.0000399351119995 0.9999600052833557 0.9999600052833557 1.0000349283218384 1.0000241994857788 0.9999712705612183 0.9999600052833557 0.9999944567680359 1.0000399351119995 1.0000064373016357 0.9999600052833557 1.0000399351119995 0.9999919533729553 1.0000183582305908 0.9999600052833557 1.0000399351119995 1.0000399351119995 1.0000017881393433 1.0000166893005371 1.0000399351119995 1.0000399351119995 1.0000087022781372 0.9999600052833557 0.9999874830245972 1.0000399351119995 0.9999600052833557 0.9999600052833557 1.0000399351119995 0.9999811649322510 0.9999600052833557 1.0000399351119995 0.9999600052833557 1.0000399351119995 0.9999600052833557 0.9999600052833557 1.0000399351119995 0.9999600052833557 0.9999961853027344 0.9999600052833557 0.9999802112579346 1.0000399351119995 0.9999893903732300 1.0000399351119995 1.0000399351119995 1.0000399351119995 0.9999600052833557 0.9999600052833557 0.9999600052833557 1.0000013113021851 0.9999600052833557 0.9999600052833557 1.0000166893005371 0.9999600052833557 1.0000298023223877 0.9999600052833557 1.0000271797180176 1.0000399351119995 0.9999600052833557 0.9999912977218628 1.0000399351119995 1.0000399351119995 0.9999703764915466 0.9999600052833557 0.9999600052833557 0.9999920129776001 0.9999999403953552 0.9999600052833557 1.0000399351119995 1.0000003576278687 0.9999600052833557 0.9999600052833557 0.9999600052833557 1.0000399351119995 0.9999600052833557 0.9999600052833557 0.9999992847442627 0.9999600052833557 1.0000238418579102 0.9999600052833557 1.0000399351119995 1.0000399351119995 1.0000399351119995 0.9999718070030212 1.0000399351119995 1.0000399351119995 0.9999600052833557 0.9999600052833557 0.9999600052833557 1.0000256299972534 0.9999836683273315 0.9999600052833557 1.0000399351119995 0.9999799132347107 1.0000073909759521 0.9999600052833557 0.9999600052833557 0.9999905824661255 0.9999600052833557 0.9999600052833557 1.0000000000000000 0.9999600052833557 0.9999971985816956
1.0000000000000000 1.0000000000000000 1.0000000000000000 1.0000000000000000 1.0000000000000000 1.0000000000000000 1.0000000000000000 1.0000000000000000 1.0000000000000000 1.0000000000000000 1.0000000000000000 1.0000000000000000 1.0000000000000000 1.0000000000000000 1.0000000000000000 1.0000000000000000 1.0000000000000000 1.0000000000000000 1.0000007152557373 1.0000020265579224 1.0000019073486328 1.0000003576278687 1.0000000000000000 1.0000000000000000 1.0000000000000000 1.0000003576278687 1.0000017881393433 1.0000028610229492 1.0000029802322388 1.0000013113021851 1.0000002384185791 1.0000000000000000 1.0000000000000000 1.0000003576278687 1.0000015497207642 1.0000028610229492 1.0000025033950806 1.0000009536743164 1.0000002384185791 1.0000000000000000 1.0000000000000000 1.0000000000000000 1.0000007152557373 1.0000013113021851 1.0000011920928955 1.0000003576278687 1.0000000000000000 1.0000000000000000 1.0000000000000000 1.0000000000000000 1.0000000000000000 1.0000003576278687 1.0000001192092896 1.0000000000000000 1.0000000000000000 1.0000000000000000 1.0000000000000000 1.0000000000000000 1.0000000000000000 1.0000000000000000 1.0000000000000000 1.0000000000000000 1.0000000000000000 1.0000000000000000 1.0000000000000000 1.0000000000000000 1.0000000000000000 1.0000000000000000 1.0000000000000000 1.0000000000000000 1.0000000000000000 1.0000000000000000 1.0000000000000000 1.0000000000000000 1.0000007152557373 1.0000013113021851 1.0000002384185791 1.0000000000000000 1.0000000000000000 1.0000000000000000 1.0000000000000000 1.0000005960464478 1.0000023841857910 1.0000027418136597 1.0000019073486328 1.0000002384185791 1.0000000000000000 1.0000000000000000 1.0000000000000000 1.0000009536743164 1.0000027418136597 1.0000033378601074 1.0000022649765015 1.0000004768371582 1.0000000000000000 1.0000000000000000 1.0000000000000000 1.0000003576278687 1.0000015497207642 1.0000021457672119 1.0000011920928955 1.0000003576278687 1.0000000000000000 1.0000000000000000 1.0000000000000000 1.0000000000000000 1.0000004768371582 1.0000005960464478 1.0000003576278687 1.0000000000000000 1.0000000000000000 1.0000000000000000 1.0000000000000000 1.0000000000000000 1.0000000000000000 1.0000000000000000 1.0000000000000000 1.0000000000000000 1.0000000000000000 1.0000000000000000 1.0000000000000000 1.0000000000000000 1.0000000000000000 1.0000000000000000 1.0000000000000000 1.0000000000000000 1.0000000000000000 1.0000000000000000
1.0000001192092896 1.0000013113021851 1.0000066757202148 1.0000081062316895 1.0000066757202148 1.0000034570693970 1.0000001192092896 1.0000000000000000 1.0000014305114746 1.0000065565109253 1.0000109672546387 1.0000128746032715 1.0000118017196655 1.0000087022781372 1.0000039339065552 1.0000010728836060 1.0000060796737671 1.0000112056732178 1.0000164508819580 1.0000188350677490 1.0000182390213013 1.0000143051147461 1.0000092983245850 1.0000041723251343 1.0000077486038208 1.0000128746032715 1.0000185966491699 1.0000221729278564 1.0000209808349609 1.0000176429748535 1.0000112056732178 1.0000067949295044 1.0000066757202148 1.0000123977661133 1.0000175237655640 1.0000214576721191 1.0000201463699341 1.0000172853469849 1.0000104904174805 1.0000053644180298 1.0000036954879761 1.0000090599060059 1.0000145435333252 1.0000169277191162 1.0000168085098267 1.0000127553939819 1.0000079870223999 1.0000019073486328 1.0000004768371582 1.0000044107437134 1.0000096559524536 1.0000115633010864 1.0000106096267700 1.0000073909759521 1.0000015497207642 1.0000001192092896 1.0000000000000000 1.0000009536743164 1.0000048875808716 1.0000066757202148 1.0000052452087402 1.0000026226043701 1.0000000000000000 1.0000000000000000 1.0000009536743164 1.0000064373016357 1.0000098943710327 1.0000095367431641 1.0000078678131104 1.0000039339065552 1.0000001192092896 1.0000001192092896 1.0000064373016357 1.0000112056732178 1.0000151395797729 1.0000158548355103 1.0000139474868774 1.0000091791152954 1.0000036954879761 1.0000025033950806 1.0000100135803223 1.0000153779983521 1.0000195503234863 1.0000213384628296 1.0000181198120117 1.0000135898590088 1.0000083446502686 1.0000054836273193 1.0000106096267700 1.0000158548355103 1.0000211000442505 1.0000219345092773 1.0000193119049072 1.0000143051147461 1.0000092983245850 1.0000059604644775 1.0000083446502686 1.0000144243240356 1.0000178813934326 1.0000188350677490 1.0000175237655640 1.0000115633010864 1.0000065565109253 1.0000034570693970 1.0000041723251343 1.0000094175338745 1.0000138282775879 1.0000140666961670 1.0000121593475342 1.0000079870223999 1.0000016689300537 1.0000007152557373 1.0000005960464478 1.0000044107437134 1.0000087022781372 1.0000082254409790 1.0000061988830566 1.0000019073486328 1.0000001192092896 1.0000000000000000 1.0000002384185791 1.0000025033950806 1.0000056028366089 1.0000059604644775 1.0000032186508179 1.0000003576278687 1.0000000000000000 1.0000000000000000
1.0000008344650269 1.0000112056732178 1.0000256299972534 1.0000317096710205 1.0000272989273071 1.0000181198120117 1.0000045299530029 0.9999989867210388 1.0000110864639282 1.0000240802764893 1.0000395774841309 1.0000495910644531 1.0000458955764771 1.0000336170196533 1.0000166893005371 1.0000079870223999 1.0000252723693848 1.0000407695770264 1.0000611543655396 1.0000717639923096 1.0000694990158081 1.0000537633895874 1.0000327825546265 1.0000208616256714 1.0000319480895996 1.0000494718551636 1.0000730752944946 1.0000867843627930 1.0000844001770020 1.0000665187835693 1.0000411272048950 1.0000265836715698 1.0000281333923340 1.0000469684600830 1.0000705718994141 1.0000851154327393 1.0000829696655273 1.0000643730163574 1.0000385046005249 1.0000244379043579 1.0000194311141968 1.0000352859497070 1.0000545978546143 1.0000666379928589 1.0000637769699097 1.0000478029251099 1.0000259876251221 1.0000154972076416 1.0000048875808716 1.0000176429748535 1.0000334978103638 1.0000416040420532 1.0000383853912354 1.0000264644622803 1.0000101327896118 1.0000023841857910 0.9999989271163940 1.0000088214874268 1.0000216960906982 1.0000290870666504 1.0000234842300415 1.0000149011611938 1.0000019073486328 0.9999972581863403 1.0000098943710327 1.0000261068344116 1.0000365972518921 1.0000392198562622 1.0000317096710205 1.0000168085098267 1.0000041723251343 1.0000023841857910 1.0000256299972534 1.0000419616699219 1.0000572204589844 1.0000617504119873 1.0000531673431396 1.0000337362289429 1.0000187158584595 1.0000152587890625 1.0000374317169189 1.0000580549240112 1.0000773668289185 1.0000815391540527 1.0000727176666260 1.0000492334365845 1.0000295639038086 1.0000247955322266 1.0000400543212891 1.0000629425048828 1.0000824928283691 1.0000891685485840 1.0000786781311035 1.0000543594360352 1.0000315904617310 1.0000269412994385 1.0000326633453369 1.0000532865524292 1.0000722408294678 1.0000790357589722 1.0000692605972290 1.0000450611114502 1.0000250339508057 1.0000185966491699 1.0000185966491699 1.0000357627868652 1.0000500679016113 1.0000531673431396 1.0000444650650024 1.0000269412994385 1.0000115633010864 1.0000075101852417 1.0000050067901611 1.0000197887420654 1.0000301599502563 1.0000307559967041 1.0000251531600952 1.0000110864639282 1.0000003576278687 0.9999992847442627 1.0000034570693970 1.0000156164169312 1.0000269412994385 1.0000269412994385 1.0000172853469849 1.0000072717666626 0.9999991655349731 0.9999976754188538
0.9999842643737793 1.0000305175781250 1.0000826120376587 1.0001132488250732 1.0000967979431152 1.0000563859939575 0.9999967813491821 0.9999756813049316 1.0000296831130981 1.0000844001770020 1.0001466274261475 1.0001939535140991 1.0001811981201172 1.0001218318939209 1.0000445842742920 1.0000172853469849 1.0000803470611572 1.0001471042633057 1.0002194643020630 1.0002766847610474 1.0002689361572266 1.0001988410949707 1.0000978708267212 1.0000622272491455 1.0001119375228882 1.0001963376998901 1.0002807378768921 1.0003589391708374 1.0003472566604614 1.0002603530883789 1.0001428127288818 1.0000959634780884 1.0000991821289062 1.0001863241195679 1.0002738237380981 1.0003511905670166 1.0003405809402466 1.0002523660659790 1.0001347064971924 1.0000832080841064 1.0000592470169067 1.0001275539398193 1.0002019405364990 1.0002620220184326 1.0002533197402954 1.0001800060272217 1.0000786781311035 1.0000427961349487 0.9999987483024597 1.0000489950180054 1.0001014471054077 1.0001435279846191 1.0001332759857178 1.0000795125961304 1.0000118017196655 0.9999887943267822 0.9999775290489197 1.0000191926956177 1.0000656843185425 1.0000983476638794 1.0000799894332886 1.0000413656234741 0.9999866485595703 0.9999691247940063 1.0000257492065430 1.0000749826431274 1.0001308917999268 1.0001471042633057 1.0001093149185181 1.0000464916229248 1.0000004768371582 0.9999921917915344 1.0000760555267334 1.0001335144042969 1.0002018213272095 1.0002291202545166 1.0001833438873291 1.0001040697097778 1.0000450611114502 1.0000374317169189 1.0001311302185059 1.0002050399780273 1.0002874135971069 1.0003262758255005 1.0002707242965698 1.0001735687255859 1.0000944137573242 1.0000798702239990 1.0001507997512817 1.0002323389053345 1.0003303289413452 1.0003722906112671 1.0003106594085693 1.0001994371414185 1.0001158714294434 1.0000929832458496 1.0001126527786255 1.0001876354217529 1.0002743005752563 1.0003123283386230 1.0002589225769043 1.0001564025878906 1.0000758171081543 1.0000540018081665 1.0000511407852173 1.0001075267791748 1.0001761913299561 1.0001984834671021 1.0001566410064697 1.0000798702239990 1.0000243186950684 1.0000138282775879 1.0000051259994507 1.0000487565994263 1.0000957250595093 1.0001144409179688 1.0000758171081543 1.0000226497650146 0.9999811053276062 0.9999746084213257 0.9999928474426270 1.0000405311584473 1.0000845193862915 1.0000926256179810 1.0000505447387695 1.0000122785568237 0.9999729990959167 0.9999684691429138
0.9998148083686829 1.0000176429748535 1.0001802444458008 1.0003840923309326 1.0002741813659668 1.0000741481781006 0.9999397993087769 0.9997501373291016 1.0000127553939819 1.0002337694168091 1.0004462003707886 1.0007333755493164 1.0006484985351562 1.0003542900085449 1.0001330375671387 0.9999402165412903 1.0001859664916992 1.0004508495330811 1.0006723403930664 1.0010762214660645 1.0009992122650146 1.0005885362625122 1.0003172159194946 1.0000985860824585 1.0003755092620850 1.0007426738739014 1.0010827779769897 1.0014692544937134 1.0013773441314697 1.0009477138519287 1.0006295442581177 1.0003020763397217 1.0002790689468384 1.0006639957427979 1.0010151863098145 1.0013933181762695 1.0013117790222168 1.0008784532546997 1.0005519390106201 1.0002158880233765 1.0000791549682617 1.0003682374954224 1.0006031990051270 1.0009585618972778 1.0008825063705444 1.0005140304565430 1.0002471208572388 1.0000126361846924 0.9999558329582214 1.0001623630523682 1.0003352165222168 1.0006347894668579 1.0005474090576172 1.0002456903457642 1.0000689029693604 0.9998968839645386 0.9997640252113342 0.9999542236328125 1.0001022815704346 1.0003095865249634 1.0002089738845825 1.0000022649765015 0.9998886585235596 0.9996998906135559 1.0000407695770264 1.0003194808959961 1.0005033016204834 1.0005733966827393 1.0003741979598999 1.0001786947250366 0.9999499917030334 0.9998479485511780 1.0003176927566528 1.0006061792373657 1.0008380413055420 1.0010160207748413 1.0007777214050293 1.0004378557205200 1.0001472234725952 1.0000478029251099 1.0005004405975342 1.0008451938629150 1.0011680126190186 1.0013537406921387 1.0010672807693481 1.0006531476974487 1.0003563165664673 1.0001963376998901 1.0005755424499512 1.0010325908660889 1.0013713836669922 1.0015221834182739 1.0012453794479370 1.0008286237716675 1.0004390478134155 1.0002493858337402 1.0003882646560669 1.0008001327514648 1.0010905265808105 1.0012551546096802 1.0009990930557251 1.0006031990051270 1.0002540349960327 1.0000740289688110 1.0001945495605469 1.0004590749740601 1.0006654262542725 1.0008304119110107 1.0006078481674194 1.0002955198287964 1.0000422000885010 0.9999324083328247 0.9999767541885376 1.0001621246337891 1.0003651380538940 1.0004390478134155 1.0002551078796387 1.0000343322753906 0.9998965263366699 0.9997848272323608 0.9998557567596436 1.0000574588775635 1.0002052783966064 1.0002559423446655 1.0000665187835693 0.9999322295188904 0.9997721314430237 0.9996972680091858
0.9982205629348755 0.9996362924575806 1.0006363391876221 1.0007061958312988 1.0003356933593750 0.9995421767234802 0.9995620846748352 0.9979597330093384 0.9996004700660706 1.0017364025115967 1.0028922557830811 1.0030381679534912 1.0030996799468994 1.0018107891082764 1.0013822317123413 0.9991840720176697 1.0006091594696045 1.0029221773147583 1.0043711662292480 1.0043781995773315 1.0043336153030396 1.0033869743347168 1.0027338266372681 1.0002703666687012 1.0006262063980103 1.0030721426010132 1.0043938159942627 1.0043655633926392 1.0043008327484131 1.0034036636352539 1.0028413534164429 1.0003691911697388 1.0002831220626831 1.0031516551971436 1.0043982267379761 1.0043250322341919 1.0042799711227417 1.0034451484680176 1.0028762817382812 1.0000393390655518 0.9995284676551819 1.0018800497055054 1.0034300088882446 1.0034435987472534 1.0034548044204712 1.0020995140075684 1.0017274618148804 0.9993451237678528 0.9995853304862976 1.0014743804931641 1.0028140544891357 1.0028799772262573 1.0028408765792847 1.0017114877700806 1.0010694265365601 0.9992305040359497 0.9981019496917725 0.9992846250534058 1.0002646446228027 1.0003221035003662 1.0000636577606201 0.9992799758911133 0.9991764426231384 0.9978906512260437 0.9992003440856934 1.0001229047775269 1.0011472702026367 1.0011096000671387 1.0002758502960205 0.9999750852584839 0.9990925788879395 0.9982522130012512 1.0001474618911743 1.0016179084777832 1.0032216310501099 1.0032291412353516 1.0021655559539795 1.0014977455139160 1.0005099773406982 0.9992804527282715 1.0011193752288818 1.0032693147659302 1.0043572187423706 1.0042481422424316 1.0035442113876343 1.0031046867370605 1.0015933513641357 1.0003478527069092 1.0010789632797241 1.0032871961593628 1.0042583942413330 1.0040812492370605 1.0033619403839111 1.0030517578125000 1.0015038251876831 0.9999478459358215 1.0002839565277100 1.0022225379943848 1.0035557746887207 1.0033570528030396 1.0024225711822510 1.0020469427108765 1.0007343292236328 0.9992519021034241 1.0000344514846802 1.0015975236892700 1.0031790733337402 1.0030614137649536 1.0020846128463745 1.0015214681625366 1.0004757642745972 0.9993074536323547 0.9992735385894775 1.0005927085876465 1.0016051530838013 1.0015032291412354 1.0007164478302002 1.0004433393478394 0.9992545247077942 0.9987028837203979 0.9983447790145874 0.9992624521255493 1.0003771781921387 1.0000498294830322 0.9992997050285339 0.9992949366569519 0.9986020922660828 0.9978391528129578
0.9948925375938416 0.9946180582046509 0.9975988864898682 0.9957525730133057 0.9947729110717773 0.9961333870887756 0.9947955012321472 0.9949001073837280 0.9946379065513611 0.9949429035186768 1.0042908191680908 1.0031436681747437 0.9959113001823425 1.0006784200668335 0.9976596832275391 0.9955025911331177 0.9977694749832153 1.0045908689498901 1.0058845281600952 1.0058311223983765 1.0053474903106689 1.0058271884918213 1.0056920051574707 1.0038607120513916 0.9961162805557251 1.0032409429550171 1.0058727264404297 1.0058151483535767 1.0048383474349976 1.0057637691497803 1.0054687261581421 1.0011310577392578 0.9946832656860352 0.9959703683853149 1.0053586959838867 1.0049414634704590 0.9963158965110779 1.0042183399200439 1.0020498037338257 0.9956860542297363 0.9962698817253113 1.0008108615875244 1.0058584213256836 1.0057730674743652 1.0041003227233887 1.0056514739990234 1.0052051544189453 1.0015127658843994 0.9951733350753784 0.9977774024009705 1.0056288242340088 1.0054017305374146 1.0020427703857422 1.0050469636917114 1.0040862560272217 0.9966509342193604 0.9952117204666138 0.9954879283905029 1.0038881301879883 1.0011838674545288 0.9958478212356567 1.0015692710876465 0.9968377947807312 0.9952578544616699 0.9953635334968567 1.0041677951812744 1.0039621591567993 0.9985440969467163 1.0032428503036499 0.9981082677841187 0.9957132339477539 0.9947491884231567 1.0038287639617920 1.0058563947677612 1.0058088302612305 1.0055940151214600 1.0056726932525635 1.0057611465454102 1.0049464702606201 1.0007281303405762 1.0039556026458740 1.0058810710906982 1.0058461427688599 1.0055782794952393 1.0057235956192017 1.0058076381683350 1.0049157142639160 0.9982969164848328 0.9978505373001099 1.0057501792907715 1.0057327747344971 1.0044084787368774 1.0054978132247925 1.0049629211425781 1.0010980367660522 0.9956165552139282 1.0027986764907837 1.0058407783508301 1.0058645009994507 1.0055106878280640 1.0056910514831543 1.0056730508804321 1.0045369863510132 0.9963706731796265 0.9982846379280090 1.0057468414306641 1.0057013034820557 1.0048723220825195 1.0055370330810547 1.0052860975265503 1.0019828081130981 0.9954417347908020 0.9963381290435791 1.0049710273742676 1.0047292709350586 1.0013741254806519 1.0042276382446289 1.0019415616989136 0.9973985552787781 0.9952277541160583 0.9947485327720642 1.0011717081069946 0.9984816908836365 0.9957644939422607 0.9964329004287720 0.9952192306518555 0.9949544668197632 0.9953311681747437
0.9945083856582642 0.9952324032783508 1.0023484230041504 0.9946178197860718 0.9947267770767212 0.9957420825958252 0.9942410588264465 0.9947226643562317 0.9948598146438599 1.0051370859146118 1.0059126615524292 1.0055801868438721 1.0047208070755005 1.0058683156967163 1.0039910078048706 1.0014547109603882 1.0018856525421143 1.0059126615524292 1.0059126615524292 1.0059126615524292 1.0058600902557373 1.0059126615524292 1.0059126615524292 1.0057955980300903 0.9948897957801819 1.0053983926773071 1.0058643817901611 1.0053790807723999 1.0042232275009155 1.0057551860809326 1.0012165307998657 0.9996711611747742 0.9946731925010681 1.0051577091217041 1.0059126615524292 1.0044595003128052 1.0007129907608032 1.0057874917984009 0.9978568553924561 1.0005120038986206 0.9960297942161560 1.0058526992797852 1.0059126615524292 1.0058563947677612 1.0057406425476074 1.0059126615524292 1.0058244466781616 1.0050704479217529 0.9946199655532837 1.0039757490158081 1.0056961774826050 1.0011484622955322 0.9972510933876038 1.0056377649307251 0.9956440329551697 0.9952957034111023 0.9953460693359375 1.0021196603775024 1.0056710243225098 0.9998464584350586 1.0014139413833618 1.0046063661575317 0.9951447248458862 1.0019906759262085 0.9948510527610779 0.9946612119674683 0.9989874958992004 0.9952965974807739 0.9944198131561279 0.9978396892547607 0.9947660565376282 0.9947265386581421 0.9945297837257385 0.9940871596336365 1.0050082206726074 0.9944335222244263 0.9941561818122864 1.0045348405838013 0.9942726492881775 0.9941565990447998 0.9993147850036621 1.0051381587982178 1.0059126615524292 1.0058265924453735 1.0042250156402588 1.0059040784835815 1.0058912038803101 1.0018217563629150 0.9957644343376160 0.9944289326667786 1.0059126615524292 1.0055053234100342 0.9942842721939087 1.0058377981185913 1.0009268522262573 0.9943757653236389 0.9945893287658691 0.9941623210906982 1.0043852329254150 0.9944620132446289 0.9940871596336365 1.0013056993484497 0.9944947361946106 0.9962579607963562 0.9979725480079651 1.0047059059143066 1.0059126615524292 1.0058907270431519 1.0013799667358398 1.0059126615524292 1.0057049989700317 0.9971162676811218 0.9953765869140625 0.9942200183868408 1.0058778524398804 1.0013194084167480 0.9946579933166504 1.0056568384170532 0.9949952363967896 0.9945608377456665 0.9946951270103455 0.9941818118095398 1.0027410984039307 0.9945160150527954 0.9968286156654358 0.9969472885131836 0.9945035576820374 0.9952108860015869
1.0000000000000000 1.0000000000000000 1.0000000000000000 1.0000000000000000 1.0000000000000000 1.0000000000000000 1.0000000000000000 1.0000000000000000 1.0000000000000000 1.0000000000000000 1.0000000000000000 1.0000000000000000 1.0000000000000000 1.0000000000000000 1.0000000000000000 1.0000000000000000 1.0000000000000000 1.0000000000000000 1.0000000000000000 1.0000000000000000 1.0000000000000000 1.0000000000000000 1.0000000000000000 1.0000000000000000 1.0000000000000000 1.0000000000000000 1.0000000000000000 1.0000000000000000 1.0000000000000000 1.0000000000000000 1.0000000000000000 1.0000000000000000 1.0000000000000000 1.0000000000000000 1.0000000000000000 1.0000000000000000 1.0000000000000000 1.0000000000000000 1.0000000000000000 1.0000000000000000 1.0000000000000000 1.0000000000000000 1.0000000000000000 1.0000000000000000 1.0000000000000000 1.0000000000000000 1.0000000000000000 1.0000000000000000 1.0000000000000000 1.0000000000000000 1.0000000000000000 1.0000000000000000 1.0000000000000000 1.0000000000000000 1.0000000000000000 1.0000000000000000 1.0000000000000000 1.0000000000000000 1.0000000000000000 1.0000000000000000 1.0000000000000000 1.0000000000000000 1.0000000000000000 1.0000000000000000 1.0000000000000000 1.0000000000000000 1.0000000000000000 1.0000000000000000 1.0000000000000000 1.0000000000000000 1.0000000000000000 1.0000000000000000 1.0000000000000000 1.0000000000000000 1.0000000000000000 1.0000000000000000 1.0000000000000000 1.0000000000000000 1.0000000000000000 1.0000000000000000 1.0000000000000000 1.0000000000000000 1.0000000000000000 1.0000000000000000 1.0000000000000000 1.0000000000000000 1.0000000000000000 1.0000000000000000 1.0000000000000000 1.0000000000000000 1.0000000000000000 1.0000000000000000 1.0000000000000000 1.0000000000000000 1.0000000000000000 1.0000000000000000 1.0000000000000000 1.0000000000000000 1.0000000000000000 1.0000000000000000 1.0000000000000000 1.0000000000000000 1.0000000000000000 1.0000000000000000 1.0000000000000000 1.0000000000000000 1.0000000000000000 1.0000000000000000 1.0000000000000000 1.0000000000000000 1.0000000000000000 1.0000000000000000 1.0000000000000000 1.0000000000000000 1.0000000000000000 1.0000000000000000 1.0000000000000000 1.0000000000000000 1.0000000000000000 1.0000000000000000 1.0000000000000000 1.0000000000000000 1.0000000000000000 1.0000000000000000 1.0000000000000000 1.0000000000000000 1.0000000000000000 1.0000000000000000
1.0000000000000000 1.0000000000000000 1.0000000000000000 1.0000000000000000 1.0000000000000000 1.0000000000000000 1.0000000000000000 1.0000000000000000 1.0000000000000000 1.0000000000000000 1.0000000000000000 1.0000000000000000 1.0000000000000000 1.0000000000000000 1.0000000000000000 1.0000000000000000 1.0000000000000000 1.0000000000000000 1.0000000000000000 1.0000000000000000 1.0000000000000000 1.0000000000000000 1.0000000000000000 1.0000000000000000 1.0000000000000000 1.0000000000000000 1.0000000000000000 1.0000000000000000 1.0000000000000000 1.0000000000000000 1.0000000000000000 1.0000000000000000 1.0000000000000000 1.0000000000000000 1.0000000000000000 1.0000000000000000 1.0000000000000000 1.0000000000000000 1.0000000000000000 1.0000000000000000 1.0000000000000000 1.0000000000000000 1.0000000000000000 1.0000000000000000 1.0000000000000000 1.0000000000000000 1.0000000000000000 1.0000000000000000 1.0000000000000000 1.0000000000000000 1.0000000000000000 1.0000000000000000 1.0000000000000000 1.0000000000000000 1.0000000000000000 1.0000000000000000 1.0000000000000000 1.0000000000000000 1.0000000000000000 1.0000000000000000 1.0000000000000000 1.0000000000000000 1.0000000000000000 1.0000000000000000 1.0000000000000000 1.0000000000000000 1.0000000000000000 1.0000000000000000 1.0000000000000000 1.0000000000000000 1.0000000000000000 1.0000000000000000 1.0000000000000000 1.0000000000000000 1.0000000000000000 1.0000000000000000 1.0000000000000000 1.0000000000000000 1.0000000000000000 1.0000000000000000 1.0000000000000000 1.0000000000000000 1.0000000000000000 1.0000000000000000 1.0000000000000000 1.0000000000000000 1.0000000000000000 1.0000000000000000 1.0000000000000000 1.0000000000000000 1.0000000000000000 1.0000000000000000 1.0000000000000000 1.0000000000000000 1.0000000000000000 1.0000000000000000 1.0000000000000000 1.0000000000000000 1.0000000000000000 1.0000000000000000 1.0000000000000000 1.0000000000000000 1.0000000000000000 1.0000000000000000 1.0000000000000000 1.0000000000000000 1.0000000000000000 1.0000000000000000 1.0000000000000000 1.0000000000000000 1.0000000000000000 1.0000000000000000 1.0000000000000000 1.0000000000000000 1.0000000000000000 1.0000000000000000 1.0000000000000000 1.0000000000000000 1.0000000000000000 1.0000000000000000 1.0000000000000000 1.0000000000000000 1.0000000000000000 1.0000000000000000 1.0000000000000000 1.0000000000000000 1.0000000000000000 1.0000000000000000
1.0000000000000000 1.0000000000000000 1.0000000000000000 1.0000000000000000 1.0000000000000000 1.0000000000000000 1.0000000000000000 1.0000000000000000 1.0000000000000000 1.0000000000000000 1.0000000000000000 1.0000000000000000 1.0000000000000000 1.0000000000000000 1.0000000000000000 1.0000000000000000 1.0000000000000000 1.0000000000000000 1.0000000000000000 1.0000000000000000 1.0000000000000000 1.0000000000000000 1.0000000000000000 1.0000000000000000 1.0000000000000000 1.0000000000000000 1.0000000000000000 1.0000000000000000 1.0000000000000000 1.0000000000000000 1.0000000000000000 1.0000000000000000 1.0000000000000000 1.0000000000000000 1.0000000000000000 1.0000000000000000 1.0000000000000000 1.0000000000000000 1.0000000000000000 1.0000000000000000 1.0000000000000000 1.0000000000000000 1.0000000000000000 1.0000000000000000 1.0000000000000000 1.0000000000000000 1.0000000000000000 1.0000000000000000 1.0000000000000000 1.0000000000000000 1.0000000000000000 1.0000000000000000 1.0000000000000000 1.0000000000000000 1.0000000000000000 1.0000000000000000 1.0000000000000000 1.0000000000000000 1.0000000000000000 1.0000000000000000 1.0000000000000000 1.0000000000000000 1.0000000000000000 1.0000000000000000 1.0000000000000000 1.0000000000000000 1.0000000000000000 1.0000000000000000 1.0000000000000000 1.0000000000000000 1.0000000000000000 1.0000000000000000 1.0000000000000000 1.0000000000000000 1.0000000000000000 1.0000000000000000 1.0000000000000000 1.0000000000000000 1.0000000000000000 1.0000000000000000 1.0000000000000000 1.0000000000000000 1.0000000000000000 1.0000000000000000 1.0000000000000000 1.0000000000000000 1.0000000000000000 1.0000000000000000 1.0000000000000000 1.0000000000000000 1.0000000000000000 1.0000000000000000 1.0000000000000000 1.0000000000000000 1.0000000000000000 1.0000000000000000 1.0000000000000000 1.0000000000000000 1.0000000000000000 1.0000000000000000 1.0000000000000000 1.0000000000000000 1.0000000000000000 1.0000000000000000 1.0000000000000000 1.0000000000000000 1.0000000000000000 1.0000000000000000 1.0000000000000000 1.0000000000000000 1.0000000000000000 1.0000000000000000 1.0000000000000000 1.0000000000000000 1.0000000000000000 1.0000000000000000 1.0000000000000000 1.0000000000000000 1.0000000000000000 1.0000000000000000 1.0000000000000000 1.0000000000000000 1.0000000000000000 1.0000000000000000 1.0000000000000000 1.0000000000000000 1.0000000000000000 1.0000000000000000
1.0000000000000000 1.0000000000000000 1.0000000000000000 1.0000000000000000 1.0000000000000000 1.0000000000000000 1.0000000000000000 1.0000000000000000 1.0000000000000000 1.0000000000000000 1.0000000000000000 1.0000000000000000 1.0000000000000000 1.0000000000000000 1.0000000000000000 1.0000000000000000 1.0000000000000000 1.0000000000000000 1.0000000000000000 1.0000000000000000 1.0000000000000000 1.0000000000000000 1.0000000000000000 1.0000000000000000 1.0000000000000000 1.0000000000000000 1.0000000000000000 1.0000000000000000 1.0000000000000000 1.0000000000000000 1.0000000000000000 1.0000000000000000 1.0000000000000000 1.0000000000000000 1.0000000000000000 1.0000000000000000 1.0000000000000000 1.0000000000000000 1.0000000000000000 1.0000000000000000 1.0000000000000000 1.0000000000000000 1.0000000000000000 1.0000000000000000 1.0000000000000000 1.0000000000000000 1.0000000000000000 1.0000000000000000 1.0000000000000000 1.0000000000000000 1.0000000000000000 1.0000000000000000 1.0000000000000000 1.0000000000000000 1.0000000000000000 1.0000000000000000 1.0000000000000000 1.0000000000000000 1.0000000000000000 1.0000000000000000 1.0000000000000000 1.0000000000000000 1.0000000000000000 1.0000000000000000 1.0000000000000000 1.0000000000000000 1.0000000000000000 1.0000000000000000 1.0000000000000000 1.0000000000000000 1.0000000000000000 1.0000000000000000 1.0000000000000000 1.0000000000000000 1.0000000000000000 1.0000000000000000 1.0000000000000000 1.0000000000000000 1.0000000000000000 1.0000000000000000 1.0000000000000000 1.0000000000000000 1.0000000000000000 1.0000000000000000 1.0000000000000000 1.0000000000000000 1.0000000000000000 1.0000000000000000 1.0000000000000000 1.0000000000000000 1.0000000000000000 1.0000000000000000 1.0000000000000000 1.0000000000000000 1.0000000000000000 1.0000000000000000 1.0000000000000000 1.0000000000000000 1.0000000000000000 1.0000000000000000 1.0000000000000000 1.0000000000000000 1.0000000000000000 1.0000000000000000 1.0000000000000000 1.0000000000000000 1.0000000000000000 1.0000000000000000 1.0000000000000000 1.0000000000000000 1.0000000000000000 1.0000000000000000 1.0000000000000000 1.0000000000000000 1.0000000000000000 1.0000000000000000 1.0000000000000000 1.0000000000000000 1.0000000000000000 1.0000000000000000 1.0000000000000000 1.0000000000000000 1.0000000000000000 1.0000000000000000 1.0000000000000000 1.0000000000000000 1.0000000000000000 1.0000000000000000
1.0000000000000000 1.0000000000000000 1.0000000000000000 1.0000000000000000 1.0000000000000000 1.0000000000000000 1.0000000000000000 1.0000000000000000 1.0000000000000000 1.0000000000000000 1.0000000000000000 1.0000000000000000 1.0000000000000000 1.0000000000000000 1.0000000000000000 1.0000000000000000 1.0000000000000000 1.0000000000000000 1.0000000000000000 1.0000000000000000 1.0000000000000000 1.0000000000000000 1.0000000000000000 1.0000000000000000 1.0000000000000000 1.0000000000000000 1.0000000000000000 1.0000000000000000 1.0000000000000000 1.0000000000000000 1.0000000000000000 1.0000000000000000 1.0000000000000000 1.0000000000000000 1.0000000000000000 1.0000000000000000 1.0000000000000000 1.0000000000000000 1.0000000000000000 1.0000000000000000 1.0000000000000000 1.0000000000000000 1.0000000000000000 1.0000000000000000 1.0000000000000000 1.0000000000000000 1.0000000000000000 1.0000000000000000 1.0000000000000000 1.0000000000000000 1.0000000000000000 1.0000000000000000 1.0000000000000000 1.0000000000000000 1.0000000000000000 1.0000000000000000 1.0000000000000000 1.0000000000000000 1.0000000000000000 1.0000000000000000 1.0000000000000000 1.0000000000000000 1.0000000000000000 1.0000000000000000 1.0000000000000000 1.0000000000000000 1.0000000000000000 1.0000000000000000 1.0000000000000000 1.0000000000000000 1.0000000000000000 1.0000000000000000 1.0000000000000000 1.0000000000000000 1.0000000000000000 1.0000000000000000 1.0000000000000000 1.0000000000000000 1.0000000000000000 1.0000000000000000 1.0000000000000000 1.0000000000000000 1.0000000000000000 1.0000000000000000 1.0000000000000000 1.0000000000000000 1.0000000000000000 1.0000000000000000 1.0000000000000000 1.0000000000000000 1.0000000000000000 1.0000000000000000 1.0000000000000000 1.0000000000000000 1.0000000000000000 1.0000000000000000 1.0000000000000000 1.0000000000000000 1.0000000000000000 1.0000000000000000 1.0000000000000000 1.0000000000000000 1.0000000000000000 1.0000000000000000 1.0000000000000000 1.0000000000000000 1.0000000000000000 1.0000000000000000 1.0000000000000000 1.0000000000000000 1.0000000000000000 1.0000000000000000 1.0000000000000000 1.0000000000000000 1.0000000000000000 1.0000000000000000 1.0000000000000000 1.0000000000000000 1.0000000000000000 1.0000000000000000 1.0000000000000000 1.0000000000000000 1.0000000000000000 1.0000000000000000 1.0000000000000000 1.0000000000000000 1.0000000000000000 1.0000000000000000
1.0000000000000000 1.0000000000000000 1.0000000000000000 1.0000000000000000 1.0000000000000000 1.0000000000000000 1.0000000000000000 1.0000000000000000 1.0000000000000000 1.0000000000000000 1.0000000000000000 1.0000000000000000 1.0000000000000000 1.0000000000000000 1.0000000000000000 1.0000000000000000 1.0000000000000000 1.0000000000000000 1.0000000000000000 1.0000000000000000 1.0000000000000000 1.0000000000000000 1.0000000000000000 1.0000000000000000 1.0000000000000000 1.0000000000000000 1.0000000000000000 1.0000000000000000 1.0000000000000000 1.0000000000000000 1.0000000000000000 1.0000000000000000 1.0000000000000000 1.0000000000000000 1.0000000000000000 1.0000000000000000 1.0000000000000000 1.0000000000000000 1.0000000000000000 1.0000000000000000 1.0000000000000000 1.0000000000000000 1.0000000000000000 1.0000000000000000 1.0000000000000000 1.0000000000000000 1.0000000000000000 1.0000000000000000 1.0000000000000000 1.0000000000000000 1.0000000000000000 1.0000000000000000 1.0000000000000000 1.0000000000000000 1.0000000000000000 1.0000000000000000 1.0000000000000000 1.0000000000000000 1.0000000000000000 1.0000000000000000 1.0000000000000000 1.0000000000000000 1.0000000000000000 1.0000000000000000 1.0000000000000000 1.0000000000000000 1.0000000000000000 1.0000000000000000 1.0000000000000000 1.0000000000000000 1.0000000000000000 1.0000000000000000 1.0000000000000000 1.0000000000000000 1.0000000000000000 1.0000000000000000 1.0000000000000000 1.0000000000000000 1.0000000000000000 1.0000000000000000 1.0000000000000000 1.0000000000000000 1.0000000000000000 1.0000000000000000 1.0000000000000000 1.0000000000000000 1.0000000000000000 1.0000000000000000 1.0000000000000000 1.0000000000000000 1.0000000000000000 1.0000000000000000 1.0000000000000000 1.0000000000000000 1.0000000000000000 1.0000000000000000 1.0000000000000000 1.0000000000000000 1.0000000000000000 1.0000000000000000 1.0000000000000000 1.0000000000000000 1.0000000000000000 1.0000000000000000 1.0000000000000000 1.0000000000000000 1.0000000000000000 1.0000000000000000 1.0000000000000000 1.0000000000000000 1.0000000000000000 1.0000000000000000 1.0000000000000000 1.0000000000000000 1.0000000000000000 1.0000000000000000 1.0000000000000000 1.0000000000000000 1.0000000000000000 1.0000000000000000 1.0000000000000000 1.0000000000000000 1.0000000000000000 1.0000000000000000 1.0000000000000000 1.0000000000000000 1.0000000000000000 1.0000000000000000
1.0000000000000000 1.0000000000000000 1.0000000000000000 1.0000000000000000 1.0000000000000000 1.0000000000000000 1.0000000000000000 1.0000000000000000 1.0000000000000000 1.0000000000000000 1.0000000000000000 1.0000000000000000 1.0000000000000000 1.0000000000000000 1.0000000000000000 1.0000000000000000 1.0000000000000000 1.0000000000000000 1.0000000000000000 1.0000000000000000 1.0000000000000000 1.0000000000000000 1.0000000000000000 1.0000000000000000 1.0000000000000000 1.0000000000000000 1.0000000000000000 1.0000000000000000 1.0000000000000000 1.0000000000000000 1.0000000000000000 1.0000000000000000 1.0000000000000000 1.0000000000000000 1.0000000000000000 1.0000000000000000 1.0000000000000000 1.0000000000000000 1.0000000000000000 1.0000000000000000 1.0000000000000000 1.0000000000000000 1.0000000000000000 1.0000000000000000 1.0000000000000000 1.0000000000000000 1.0000000000000000 1.0000000000000000 1.0000000000000000 1.0000000000000000 1.0000000000000000 1.0000000000000000 1.0000000000000000 1.0000000000000000 1.0000000000000000 1.0000000000000000 1.0000000000000000 1.0000000000000000 1.0000000000000000 1.0000000000000000 1.0000000000000000 1.0000000000000000 1.0000000000000000 1.0000000000000000 1.0000000000000000 1.0000000000000000 1.0000000000000000 1.0000000000000000 1.0000000000000000 1.0000000000000000 1.0000000000000000 1.0000000000000000 1.0000000000000000 1.0000000000000000 1.0000000000000000 1.0000000000000000 1.0000000000000000 1.0000000000000000 1.0000000000000000 1.0000000000000000 1.0000000000000000 1.0000000000000000 1.0000000000000000 1.0000000000000000 1.0000000000000000 1.0000000000000000 1.0000000000000000 1.0000000000000000 1.0000000000000000 1.0000000000000000 1.0000000000000000 1.0000000000000000 1.0000000000000000 1.0000000000000000 1.0000000000000000 1.0000000000000000 1.0000000000000000 1.0000000000000000 1.0000000000000000 1.0000000000000000 1.0000000000000000 1.0000000000000000 1.0000000000000000 1.0000000000000000 1.0000000000000000 1.0000000000000000 1.0000000000000000 1.0000000000000000 1.0000000000000000 1.0000000000000000 1.0000000000000000 1.0000000000000000 1.0000000000000000 1.0000000000000000 1.0000000000000000 1.0000000000000000 1.0000000000000000 1.0000000000000000 1.0000000000000000 1.0000000000000000 1.0000000000000000 1.0000000000000000 1.0000000000000000 1.0000000000000000 1.0000000000000000 1.0000000000000000 1.0000000000000000 1.0000000000000000
