19
1.0849332809448242 1.1207704544067383 1.1250662803649902 1.1456054449081421 1.1351441144943237 1.1268354654312134 1.1341453790664673 1.1129585504531860 1.0847324132919312 1.1127163171768188 1.1292308568954468 1.1505438089370728 1.1215595006942749 1.1220417022705078 1.1003962755203247 1.1106965541839600 1.0777769088745117 1.1061607599258423 1.1130055189132690 1.1231348514556885 1.1016857624053955 1.0949976444244385 1.1061598062515259 1.1036747694015503 1.0670789480209351 1.0855358839035034 1.0928840637207031 1.1021844148635864 1.0923277139663696 1.1094659566879272 1.1081051826477051 1.1037242412567139 1.0953236818313599 1.0797309875488281 1.0767310857772827 1.1046279668807983 1.0933431386947632 1.0977209806442261 1.0942473411560059 1.0970826148986816 1.0996991395950317 1.0947635173797607 1.0939744710922241 1.0801186561584473 1.1032782793045044 1.1000704765319824 1.1263725757598877 1.0942027568817139 1.1160916090011597 1.1219488382339478 1.0986132621765137 1.1239691972732544 1.1512569189071655 1.1438450813293457 1.1229457855224609 1.1016885042190552 1.0962001085281372 1.1146413087844849 1.1174236536026001 1.1320164203643799 1.1474483013153076 1.1343209743499756 1.1159801483154297 1.1310174465179443 1.1070739030838013 1.1267515420913696 1.1522576808929443 1.1383810043334961 1.1120564937591553 1.1228638887405396 1.1077097654342651 1.1055684089660645 1.0841543674468994 1.1278541088104248 1.1530283689498901 1.1348937749862671 1.0985026359558105 1.0876016616821289 1.1064188480377197 1.0939816236495972 1.0777279138565063 1.1020625829696655 1.1104238033294678 1.1176455020904541 1.1085638999938965 1.1186995506286621 1.1028244495391846 1.0764421224594116 1.0913772583007812 1.0731108188629150 1.0877385139465332 1.1113752126693726 1.0973184108734131 1.1113384962081909 1.1152113676071167 1.0910884141921997 1.0897221565246582 1.0914350748062134 1.0888967514038086 1.0996117591857910 1.0888823270797729 1.1062805652618408 1.1071618795394897 1.0774296522140503 1.1236200332641602 1.1089856624603271 1.1088844537734985 1.1243411302566528 1.1388409137725830 1.1107001304626465 1.1192276477813721 1.1178631782531738 1.1232013702392578 1.1224306821823120 1.1316657066345215 1.1306660175323486 1.1438835859298706 1.1347860097885132 1.1357487440109253 1.0952060222625732 1.1077493429183960 1.1011518239974976 1.1357547044754028 1.1492186784744263 1.1496175527572632 1.1253737211227417 1.1375058889389038 1.1092286109924316
1.0822225809097290 1.1185029745101929 1.1208187341690063 1.1407923698425293 1.1332262754440308 1.1352469921112061 1.1272456645965576 1.1074908971786499 1.0853492021560669 1.1040598154067993 1.1379892826080322 1.1387735605239868 1.1171866655349731 1.1292768716812134 1.0893044471740723 1.1024318933486938 1.0762323141098022 1.0937861204147339 1.1131855249404907 1.1023969650268555 1.0956853628158569 1.0964128971099854 1.1059225797653198 1.0918208360671997 1.0741798877716064 1.0799150466918945 1.0931683778762817 1.0997315645217896 1.0795458555221558 1.1013095378875732 1.1170126199722290 1.1009476184844971 1.0955153703689575 1.0819380283355713 1.0862662792205811 1.0957669019699097 1.1009835004806519 1.0952807664871216 1.0979933738708496 1.0984153747558594 1.0902309417724609 1.0922867059707642 1.0791970491409302 1.0707149505615234 1.0829132795333862 1.1094629764556885 1.1269110441207886 1.0918625593185425 1.0971146821975708 1.1136554479598999 1.1072038412094116 1.1178711652755737 1.1523483991622925 1.1325855255126953 1.1018007993698120 1.0977011919021606 1.0818994045257568 1.1014847755432129 1.1072335243225098 1.1321858167648315 1.1267567873001099 1.1206973791122437 1.1144194602966309 1.1379027366638184 1.0931749343872070 1.1143872737884521 1.1435760259628296 1.1354303359985352 1.1034451723098755 1.1107991933822632 1.1035486459732056 1.1081349849700928 1.0904234647750854 1.1206053495407104 1.1274154186248779 1.1370787620544434 1.0843383073806763 1.0901486873626709 1.0963630676269531 1.0794850587844849 1.0846548080444336 1.1051321029663086 1.1055023670196533 1.1161237955093384 1.1205496788024902 1.1005268096923828 1.0928966999053955 1.0651975870132446 1.0755970478057861 1.0646835565567017 1.0988558530807495 1.1019797325134277 1.0928092002868652 1.1024197340011597 1.1121827363967896 1.0874389410018921 1.0722646713256836 1.1008192300796509 1.0889029502868652 1.1027466058731079 1.0812901258468628 1.1057976484298706 1.1102843284606934 1.0749075412750244 1.1188603639602661 1.1010302305221558 1.1167982816696167 1.1176751852035522 1.1056194305419922 1.1126966476440430 1.1107341051101685 1.1118561029434204 1.1080167293548584 1.1157014369964600 1.1275964975357056 1.1210675239562988 1.1416817903518677 1.1329044103622437 1.1167254447937012 1.0858511924743652 1.1082280874252319 1.1003857851028442 1.1371613740921021 1.1395426988601685 1.1406971216201782 1.1167919635772705 1.1295725107192993 1.1023993492126465
1.0839202404022217 1.1102001667022705 1.1068781614303589 1.1334244012832642 1.1395246982574463 1.1235026121139526 1.1275327205657959 1.1056637763977051 1.0929886102676392 1.1001573801040649 1.1209856271743774 1.1287463903427124 1.1166689395904541 1.1343969106674194 1.0889153480529785 1.0910931825637817 1.0852001905441284 1.0815436840057373 1.1109256744384766 1.1037195920944214 1.0834273099899292 1.0861966609954834 1.1021481752395630 1.0873627662658691 1.0729584693908691 1.0666363239288330 1.0912417173385620 1.0933634042739868 1.0724068880081177 1.0812017917633057 1.1110525131225586 1.0937364101409912 1.0858478546142578 1.0737286806106567 1.0759658813476562 1.0987663269042969 1.0975335836410522 1.0948588848114014 1.0984833240509033 1.0918613672256470 1.1001654863357544 1.0784004926681519 1.0841525793075562 1.0631378889083862 1.0902199745178223 1.1017528772354126 1.1112608909606934 1.0840340852737427 1.0871462821960449 1.1075168848037720 1.1002199649810791 1.1152819395065308 1.1338230371475220 1.1305084228515625 1.0813852548599243 1.0793887376785278 1.1008689403533936 1.1166651248931885 1.1187995672225952 1.1274842023849487 1.1342490911483765 1.1208503246307373 1.1104904413223267 1.1077773571014404 1.1017247438430786 1.1198993921279907 1.1266677379608154 1.1387673616409302 1.1100475788116455 1.1224970817565918 1.0853956937789917 1.1142414808273315 1.1001347303390503 1.1259741783142090 1.1160662174224854 1.1162788867950439 1.0861083269119263 1.0871397256851196 1.0992637872695923 1.0798941850662231 1.0745939016342163 1.1017577648162842 1.0976295471191406 1.0922538042068481 1.1083674430847168 1.1173400878906250 1.0783417224884033 1.0554704666137695 1.0668462514877319 1.0758340358734131 1.1011941432952881 1.1031341552734375 1.0868583917617798 1.1021993160247803 1.1023572683334351 1.0852739810943604 1.0671399831771851 1.0901287794113159 1.0933020114898682 1.1236008405685425 1.0765104293823242 1.1082695722579956 1.1072788238525391 1.0837539434432983 1.1100885868072510 1.0886706113815308 1.0971511602401733 1.0991349220275879 1.0972762107849121 1.0951581001281738 1.1235471963882446 1.1068756580352783 1.0965909957885742 1.1191346645355225 1.1189080476760864 1.1253699064254761 1.1218762397766113 1.1214987039566040 1.1030455827713013 1.0944448709487915 1.1020205020904541 1.0996960401535034 1.1325035095214844 1.1234400272369385 1.1375747919082642 1.1150704622268677 1.1240191459655762 1.0920684337615967
1.0802761316299438 1.1030369997024536 1.1039116382598877 1.1172556877136230 1.1286506652832031 1.1138949394226074 1.1207311153411865 1.0932826995849609 1.1064592599868774 1.0949039459228516 1.1054840087890625 1.1033174991607666 1.1029173135757446 1.1324775218963623 1.0843286514282227 1.0916690826416016 1.0776720046997070 1.0905326604843140 1.1154046058654785 1.0905412435531616 1.0894504785537720 1.0991507768630981 1.1007009744644165 1.0858763456344604 1.0538625717163086 1.0505483150482178 1.0703703165054321 1.0970546007156372 1.0749471187591553 1.0787676572799683 1.0857703685760498 1.0965323448181152 1.0785138607025146 1.0684285163879395 1.0698119401931763 1.0892986059188843 1.0848164558410645 1.0836198329925537 1.0856612920761108 1.0802392959594727 1.0949360132217407 1.0634913444519043 1.0821275711059570 1.0634490251541138 1.0978523492813110 1.1012092828750610 1.1022289991378784 1.0870937108993530 1.0800703763961792 1.0822635889053345 1.0935040712356567 1.1094859838485718 1.1202094554901123 1.1265641450881958 1.0880047082901001 1.0749384164810181 1.0955290794372559 1.1096404790878296 1.1085042953491211 1.0931974649429321 1.1275031566619873 1.1176621913909912 1.1011252403259277 1.1048729419708252 1.0936863422393799 1.1053634881973267 1.1211261749267578 1.1134991645812988 1.1110316514968872 1.1183899641036987 1.0782680511474609 1.1029579639434814 1.0950894355773926 1.1265605688095093 1.1278076171875000 1.1131310462951660 1.0755386352539062 1.1073549985885620 1.0987957715988159 1.0820691585540771 1.0800631046295166 1.0804519653320312 1.0972071886062622 1.0870556831359863 1.0999051332473755 1.1047993898391724 1.0841159820556641 1.0464035272598267 1.0735232830047607 1.0607300996780396 1.0781944990158081 1.1024216413497925 1.0750592947006226 1.1003597974777222 1.1006008386611938 1.0686817169189453 1.0625243186950684 1.0793807506561279 1.0888750553131104 1.1195751428604126 1.0741975307464600 1.0865999460220337 1.0968953371047974 1.0775167942047119 1.0744019746780396 1.0849941968917847 1.1033717393875122 1.0966002941131592 1.0918283462524414 1.1020659208297729 1.1186287403106689 1.0976768732070923 1.0883190631866455 1.1071892976760864 1.1162933111190796 1.1078460216522217 1.1330302953720093 1.1334835290908813 1.0889467000961304 1.0901631116867065 1.0807008743286133 1.0909475088119507 1.1210172176361084 1.1135379076004028 1.1244605779647827 1.1126532554626465 1.1076208353042603 1.0888936519622803
1.0872313976287842 1.1007078886032104 1.1058866977691650 1.1105693578720093 1.1241209506988525 1.1015251874923706 1.1075148582458496 1.1055359840393066 1.0916048288345337 1.0762825012207031 1.1077582836151123 1.0884090662002563 1.0855110883712769 1.1300137042999268 1.0883861780166626 1.0996881723403931 1.0733429193496704 1.0842226743698120 1.1012536287307739 1.0866137742996216 1.1025003194808960 1.0985105037689209 1.0974432229995728 1.0848342180252075 1.0605285167694092 1.0645774602890015 1.0834431648254395 1.0958737134933472 1.0818991661071777 1.0773160457611084 1.0889644622802734 1.0902740955352783 1.0787283182144165 1.0637899637222290 1.0549902915954590 1.0840519666671753 1.0954450368881226 1.0980950593948364 1.0774554014205933 1.0789891481399536 1.0755270719528198 1.0631951093673706 1.0742961168289185 1.0645881891250610 1.1174556016921997 1.1033916473388672 1.0828748941421509 1.0815274715423584 1.0798033475875854 1.0956586599349976 1.0782327651977539 1.1080017089843750 1.1147485971450806 1.1179281473159790 1.0716164112091064 1.0762633085250854 1.1001430749893188 1.1073399782180786 1.1260094642639160 1.0815004110336304 1.0997052192687988 1.0997991561889648 1.0956914424896240 1.0994768142700195 1.0807007551193237 1.0887265205383301 1.1037917137145996 1.1044433116912842 1.0943170785903931 1.1015264987945557 1.0772365331649780 1.0856438875198364 1.0902371406555176 1.1275178194046021 1.1245064735412598 1.1100836992263794 1.0841839313507080 1.1044275760650635 1.0960766077041626 1.0922498703002930 1.0696914196014404 1.0705873966217041 1.1046125888824463 1.0977072715759277 1.1052320003509521 1.0931643247604370 1.0571639537811279 1.0443410873413086 1.0649695396423340 1.0589154958724976 1.0706896781921387 1.0831567049026489 1.0889534950256348 1.0984334945678711 1.0928500890731812 1.0659735202789307 1.0673438310623169 1.0900727510452271 1.0891714096069336 1.1078562736511230 1.0813974142074585 1.0946526527404785 1.0842268466949463 1.0621559619903564 1.0606863498687744 1.0963101387023926 1.0926208496093750 1.0866546630859375 1.0912600755691528 1.1209073066711426 1.1060994863510132 1.0874733924865723 1.0934476852416992 1.0898796319961548 1.1233607530593872 1.0910605192184448 1.1173903942108154 1.1362594366073608 1.0753084421157837 1.0845931768417358 1.0551844835281372 1.0900421142578125 1.1143501996994019 1.1000425815582275 1.1283367872238159 1.1036897897720337 1.1024930477142334 1.0827897787094116
1.0707844495773315 1.0975112915039062 1.0911253690719604 1.1065437793731689 1.1094490289688110 1.1000316143035889 1.0873304605484009 1.1095665693283081 1.0878409147262573 1.0674475431442261 1.1028497219085693 1.0879764556884766 1.0914344787597656 1.1140779256820679 1.0688594579696655 1.0954022407531738 1.0681041479110718 1.0827500820159912 1.0924831628799438 1.0979560613632202 1.0991964340209961 1.0822720527648926 1.0813783407211304 1.0663598775863647 1.0696049928665161 1.0599796772003174 1.0715975761413574 1.0731505155563354 1.0598295927047729 1.0745887756347656 1.0843791961669922 1.0575075149536133 1.0677577257156372 1.0573880672454834 1.0555965900421143 1.0871692895889282 1.1025127172470093 1.0973480939865112 1.0788581371307373 1.0670958757400513 1.0833218097686768 1.0681265592575073 1.0598776340484619 1.0811536312103271 1.1175777912139893 1.0789474248886108 1.0876612663269043 1.0917242765426636 1.0706502199172974 1.0913830995559692 1.0872420072555542 1.0967540740966797 1.0956598520278931 1.1110112667083740 1.0825115442276001 1.0629415512084961 1.1139528751373291 1.1026175022125244 1.1151020526885986 1.0831543207168579 1.0939797163009644 1.1033180952072144 1.0952111482620239 1.0806193351745605 1.0562913417816162 1.0897225141525269 1.0906031131744385 1.0922905206680298 1.0971888303756714 1.0892928838729858 1.0741363763809204 1.0778281688690186 1.0793308019638062 1.1167433261871338 1.1079781055450439 1.1005060672760010 1.0970691442489624 1.1164405345916748 1.0862928628921509 1.0897225141525269 1.0688934326171875 1.0676401853561401 1.1046919822692871 1.0936663150787354 1.1069966554641724 1.1033583879470825 1.0650098323822021 1.0631376504898071 1.0732259750366211 1.0577012300491333 1.0906805992126465 1.0899912118911743 1.1063960790634155 1.0658740997314453 1.0729823112487793 1.0570777654647827 1.0742660760879517 1.0852444171905518 1.0784401893615723 1.0906392335891724 1.0789889097213745 1.1004580259323120 1.0721651315689087 1.0629110336303711 1.0784155130386353 1.0987812280654907 1.0992304086685181 1.0864429473876953 1.0860812664031982 1.1185448169708252 1.0900118350982666 1.0775403976440430 1.1052286624908447 1.0828236341476440 1.1124564409255981 1.0955221652984619 1.0975295305252075 1.1177768707275391 1.0750215053558350 1.0829689502716064 1.0605601072311401 1.0766694545745850 1.0981479883193970 1.0913429260253906 1.1221742630004883 1.0921614170074463 1.0718774795532227 1.0891034603118896
1.0753046274185181 1.0888624191284180 1.0691646337509155 1.0976432561874390 1.0927897691726685 1.0938603878021240 1.1063778400421143 1.0886530876159668 1.0721327066421509 1.0744590759277344 1.0913221836090088 1.0868031978607178 1.0699805021286011 1.0814282894134521 1.0609794855117798 1.0956115722656250 1.0591484308242798 1.0584535598754883 1.0988992452621460 1.0859649181365967 1.0986958742141724 1.0733698606491089 1.0565968751907349 1.0701028108596802 1.0522012710571289 1.0616278648376465 1.0676654577255249 1.0677168369293213 1.0615162849426270 1.0520923137664795 1.0857093334197998 1.0600055456161499 1.0892765522003174 1.0481514930725098 1.0553607940673828 1.0804626941680908 1.0990804433822632 1.0864471197128296 1.0652223825454712 1.0713597536087036 1.0760935544967651 1.0924174785614014 1.0627374649047852 1.0737242698669434 1.1285576820373535 1.0922802686691284 1.0876606702804565 1.0792720317840576 1.0804228782653809 1.1000382900238037 1.0790414810180664 1.1051777601242065 1.0813274383544922 1.0748964548110962 1.0656677484512329 1.0713492631912231 1.1198909282684326 1.0951732397079468 1.1129940748214722 1.0696249008178711 1.0790246725082397 1.0902366638183594 1.0809762477874756 1.0612841844558716 1.0677011013031006 1.0767977237701416 1.0935968160629272 1.0808441638946533 1.0788497924804688 1.0627518892288208 1.0781095027923584 1.0780380964279175 1.0843696594238281 1.1003245115280151 1.1100736856460571 1.0978927612304688 1.1003918647766113 1.0824712514877319 1.0810663700103760 1.0808626413345337 1.0687583684921265 1.0687334537506104 1.0959671735763550 1.0862741470336914 1.1033984422683716 1.0806509256362915 1.0629823207855225 1.0522441864013672 1.0651185512542725 1.0733245611190796 1.0896058082580566 1.0945618152618408 1.1094928979873657 1.0712488889694214 1.0789667367935181 1.0430423021316528 1.0865584611892700 1.0902769565582275 1.0715298652648926 1.0991412401199341 1.0764226913452148 1.0961668491363525 1.0884617567062378 1.0659582614898682 1.0819932222366333 1.1157701015472412 1.0998769998550415 1.0899497270584106 1.0521460771560669 1.0909805297851562 1.0834298133850098 1.0764746665954590 1.0907835960388184 1.0786767005920410 1.0934729576110840 1.0746380090713501 1.0846074819564819 1.1254408359527588 1.0690747499465942 1.0784941911697388 1.0814598798751831 1.0677106380462646 1.0976985692977905 1.0752797126770020 1.1048809289932251 1.0964235067367554 1.0794185400009155 1.0793550014495850
1.0635453462600708 1.1121734380722046 1.0651761293411255 1.0873146057128906 1.0726358890533447 1.0905901193618774 1.0847077369689941 1.0926125049591064 1.0663347244262695 1.0823029279708862 1.0714015960693359 1.0676174163818359 1.0688574314117432 1.0946103334426880 1.0569127798080444 1.0751575231552124 1.0631660223007202 1.0680829286575317 1.0982285737991333 1.0793784856796265 1.0984772443771362 1.0612959861755371 1.0569136142730713 1.0686438083648682 1.0579650402069092 1.0518968105316162 1.0612766742706299 1.0760742425918579 1.0760654211044312 1.0512306690216064 1.0727323293685913 1.0529426336288452 1.0719734430313110 1.0584905147552490 1.0748753547668457 1.0998680591583252 1.1077913045883179 1.0790793895721436 1.0591418743133545 1.0744076967239380 1.0618799924850464 1.0986188650131226 1.0601204633712769 1.0924648046493530 1.1151337623596191 1.0695401430130005 1.0797783136367798 1.0661058425903320 1.0679339170455933 1.0932675600051880 1.0795080661773682 1.0961914062500000 1.0749760866165161 1.0789339542388916 1.0731530189514160 1.0608071088790894 1.1202977895736694 1.0714648962020874 1.1008495092391968 1.0674448013305664 1.0720255374908447 1.0745846033096313 1.0951571464538574 1.0706871747970581 1.0733114480972290 1.0793402194976807 1.0903614759445190 1.0663560628890991 1.0846817493438721 1.0654520988464355 1.0760394334793091 1.0810315608978271 1.0637885332107544 1.0954291820526123 1.0933567285537720 1.0947303771972656 1.0836687088012695 1.1099603176116943 1.0592427253723145 1.0909785032272339 1.0467934608459473 1.0731532573699951 1.0925954580307007 1.0772275924682617 1.1159656047821045 1.0721317529678345 1.0534956455230713 1.0406625270843506 1.0690416097640991 1.0772686004638672 1.0830219984054565 1.0931340456008911 1.1065380573272705 1.0747326612472534 1.0796737670898438 1.0412603616714478 1.0787048339843750 1.0873225927352905 1.0786120891571045 1.1004209518432617 1.0842896699905396 1.0926030874252319 1.0875923633575439 1.0988858938217163 1.0764355659484863 1.1139423847198486 1.0980762243270874 1.0871936082839966 1.0569982528686523 1.0891863107681274 1.0954596996307373 1.0787007808685303 1.0796303749084473 1.0848301649093628 1.0930299758911133 1.0934376716613770 1.0673422813415527 1.1083747148513794 1.0686724185943604 1.0838944911956787 1.0708379745483398 1.0766085386276245 1.0669097900390625 1.0924214124679565 1.1113032102584839 1.0734620094299316 1.0710387229919434 1.0941841602325439
1.0598436594009399 1.0929075479507446 1.0499048233032227 1.0666596889495850 1.0732157230377197 1.0878583192825317 1.0884395837783813 1.0831902027130127 1.0825496912002563 1.0706776380538940 1.0548707246780396 1.0705128908157349 1.0636878013610840 1.0918434858322144 1.0490224361419678 1.0865461826324463 1.0631005764007568 1.0644999742507935 1.0640240907669067 1.0711265802383423 1.0881316661834717 1.0590218305587769 1.0201908349990845 1.0485447645187378 1.0641677379608154 1.0600407123565674 1.0661783218383789 1.0871715545654297 1.0893894433975220 1.0554268360137939 1.0491924285888672 1.0736174583435059 1.0732595920562744 1.0635361671447754 1.0870808362960815 1.0842849016189575 1.1191637516021729 1.0758526325225830 1.0785028934478760 1.0860654115676880 1.0756232738494873 1.0785485506057739 1.0696512460708618 1.0828144550323486 1.1318821907043457 1.0734490156173706 1.0691534280776978 1.0838983058929443 1.0824773311614990 1.0769463777542114 1.0791466236114502 1.0842912197113037 1.0820457935333252 1.0723854303359985 1.0571229457855225 1.0602959394454956 1.1214790344238281 1.0716190338134766 1.1143320798873901 1.0730593204498291 1.0656663179397583 1.0623894929885864 1.0960155725479126 1.0852452516555786 1.0819559097290039 1.0769796371459961 1.0762481689453125 1.0551789999008179 1.0578711032867432 1.0759596824645996 1.0648751258850098 1.0836515426635742 1.0738410949707031 1.0978477001190186 1.0867226123809814 1.0720059871673584 1.0822005271911621 1.0959819555282593 1.0809528827667236 1.0635139942169189 1.0465979576110840 1.0646531581878662 1.0931606292724609 1.0752841234207153 1.1049162149429321 1.0689109563827515 1.0337477922439575 1.0409669876098633 1.0527871847152710 1.0830212831497192 1.0976716279983521 1.1092630624771118 1.0904910564422607 1.0743398666381836 1.0889620780944824 1.0636888742446899 1.0854142904281616 1.0667431354522705 1.0671961307525635 1.1090648174285889 1.0592744350433350 1.0720877647399902 1.0878565311431885 1.0882748365402222 1.0872119665145874 1.1039694547653198 1.1093791723251343 1.0865988731384277 1.0532401800155640 1.0793322324752808 1.1099113225936890 1.0746309757232666 1.0808770656585693 1.0662150382995605 1.0870743989944458 1.0869561433792114 1.0581758022308350 1.0810683965682983 1.0627378225326538 1.0984569787979126 1.0775690078735352 1.0795916318893433 1.0867947340011597 1.1001601219177246 1.0858615636825562 1.0582721233367920 1.0640728473663330 1.0925121307373047
1.0703976154327393 1.0896815061569214 1.0460739135742188 1.0842583179473877 1.0712924003601074 1.0708009004592896 1.1064050197601318 1.0875285863876343 1.0747219324111938 1.0797969102859497 1.0684121847152710 1.0847663879394531 1.0680675506591797 1.0903168916702271 1.0703791379928589 1.0816737413406372 1.0782623291015625 1.0648651123046875 1.0781615972518921 1.0870429277420044 1.0828359127044678 1.0655251741409302 1.0415397882461548 1.0572277307510376 1.0701178312301636 1.0654996633529663 1.0473991632461548 1.0926232337951660 1.0861673355102539 1.0668534040451050 1.0476052761077881 1.0669741630554199 1.0834314823150635 1.0664408206939697 1.0897320508956909 1.0980662107467651 1.1093050241470337 1.0810626745223999 1.0781532526016235 1.0980870723724365 1.0723681449890137 1.0790374279022217 1.0614393949508667 1.0783621072769165 1.1168463230133057 1.0682785511016846 1.0792528390884399 1.0813441276550293 1.0768165588378906 1.0754170417785645 1.0958932638168335 1.0665596723556519 1.0714567899703979 1.0597167015075684 1.0627770423889160 1.0741497278213501 1.1280807256698608 1.0564725399017334 1.0983008146286011 1.0823981761932373 1.0568943023681641 1.0701291561126709 1.0930167436599731 1.0772224664688110 1.0917725563049316 1.0727847814559937 1.0899957418441772 1.0858047008514404 1.0676853656768799 1.0923783779144287 1.0786017179489136 1.0904567241668701 1.0672765970230103 1.0872691869735718 1.1043817996978760 1.0623289346694946 1.0670140981674194 1.0997536182403564 1.0760271549224854 1.0882345438003540 1.0445575714111328 1.0668559074401855 1.0848033428192139 1.0740948915481567 1.1181315183639526 1.0676963329315186 1.0425456762313843 1.0445941686630249 1.0679228305816650 1.1095994710922241 1.0867710113525391 1.0947380065917969 1.0711561441421509 1.0661935806274414 1.0969958305358887 1.0498032569885254 1.0717382431030273 1.0648654699325562 1.0764793157577515 1.1006482839584351 1.0796537399291992 1.0726501941680908 1.0914154052734375 1.0942318439483643 1.0520621538162231 1.1117339134216309 1.1065499782562256 1.0718215703964233 1.0770137310028076 1.0667215585708618 1.1085283756256104 1.0748895406723022 1.0757519006729126 1.0693225860595703 1.1027164459228516 1.0650595426559448 1.0392870903015137 1.0948256254196167 1.0827645063400269 1.1140408515930176 1.0637394189834595 1.0746719837188721 1.0642105340957642 1.0843434333801270 1.0765814781188965 1.0538436174392700 1.0662561655044556 1.0876839160919189
1.0746351480484009 1.0797451734542847 1.0328850746154785 1.0804791450500488 1.0706815719604492 1.0659021139144897 1.0836257934570312 1.0655603408813477 1.0837265253067017 1.0716103315353394 1.0678461790084839 1.0802003145217896 1.0721857547760010 1.0713359117507935 1.0716929435729980 1.0837498903274536 1.0900915861129761 1.0742232799530029 1.0663251876831055 1.0687508583068848 1.0719372034072876 1.0611044168472290 1.0414000749588013 1.0563149452209473 1.0666272640228271 1.0897463560104370 1.0595326423645020 1.0922675132751465 1.0870875120162964 1.0638302564620972 1.0430264472961426 1.0780451297760010 1.0714356899261475 1.0756204128265381 1.1059552431106567 1.1063624620437622 1.1066062450408936 1.0867602825164795 1.0810678005218506 1.0928514003753662 1.0595977306365967 1.0888571739196777 1.0758249759674072 1.0730769634246826 1.1070843935012817 1.0725005865097046 1.0745381116867065 1.0870424509048462 1.0820194482803345 1.0605778694152832 1.0810059309005737 1.0702682733535767 1.0668940544128418 1.0693536996841431 1.0552228689193726 1.0715928077697754 1.1145625114440918 1.0651518106460571 1.1077423095703125 1.0756549835205078 1.0603454113006592 1.0664287805557251 1.0894784927368164 1.0664699077606201 1.0594149827957153 1.0638765096664429 1.0766806602478027 1.0629768371582031 1.0712897777557373 1.0790878534317017 1.0623321533203125 1.0867326259613037 1.0865513086318970 1.0722430944442749 1.0883597135543823 1.0776118040084839 1.0851130485534668 1.1035710573196411 1.0850565433502197 1.0870070457458496 1.0525441169738770 1.0705308914184570 1.0938909053802490 1.0762305259704590 1.0984686613082886 1.0927389860153198 1.0294939279556274 1.0545061826705933 1.0797712802886963 1.0968190431594849 1.0726978778839111 1.0888718366622925 1.0897030830383301 1.0746662616729736 1.1064981222152710 1.0489664077758789 1.0643310546875000 1.0857172012329102 1.0606839656829834 1.1008863449096680 1.0539405345916748 1.0800116062164307 1.0823947191238403 1.0992757081985474 1.0520144701004028 1.1149795055389404 1.0905038118362427 1.0720432996749878 1.0703917741775513 1.0697391033172607 1.0945677757263184 1.0726244449615479 1.0800744295120239 1.0664130449295044 1.0926059484481812 1.0651674270629883 1.0608172416687012 1.0796790122985840 1.0674905776977539 1.0984792709350586 1.0515120029449463 1.0752675533294678 1.0814545154571533 1.0862113237380981 1.0740896463394165 1.0494585037231445 1.0607916116714478 1.0786017179489136
1.0618281364440918 1.0707254409790039 1.0694910287857056 1.0661332607269287 1.0868436098098755 1.0512739419937134 1.0851287841796875 1.0836935043334961 1.0667102336883545 1.0666924715042114 1.0639173984527588 1.0727086067199707 1.0819121599197388 1.0671226978302002 1.0789275169372559 1.0780926942825317 1.1025218963623047 1.0648123025894165 1.0739314556121826 1.0732452869415283 1.0896836519241333 1.0704619884490967 1.0293602943420410 1.0534825325012207 1.0835933685302734 1.0768735408782959 1.0406337976455688 1.0885804891586304 1.0840045213699341 1.0559185743331909 1.0391511917114258 1.0827760696411133 1.0708945989608765 1.0817487239837646 1.0992363691329956 1.0829048156738281 1.0932013988494873 1.0819072723388672 1.0763990879058838 1.0798422098159790 1.0484465360641479 1.0696362257003784 1.0795356035232544 1.0902563333511353 1.1019208431243896 1.0664281845092773 1.0796378850936890 1.0823690891265869 1.0846741199493408 1.0586463212966919 1.0849679708480835 1.0578129291534424 1.0512716770172119 1.0545762777328491 1.0774018764495850 1.0781282186508179 1.1057783365249634 1.0426567792892456 1.0972208976745605 1.0937615633010864 1.0490531921386719 1.0607215166091919 1.0972303152084351 1.0347466468811035 1.0823884010314941 1.0744252204895020 1.0692156553268433 1.0829539299011230 1.0510760545730591 1.0742001533508301 1.0761142969131470 1.0963795185089111 1.0615082979202271 1.0816450119018555 1.0876021385192871 1.0468848943710327 1.0752077102661133 1.0898513793945312 1.0923454761505127 1.0747665166854858 1.0624277591705322 1.0622906684875488 1.0926207304000854 1.0831173658370972 1.1097656488418579 1.0871925354003906 1.0690877437591553 1.0629725456237793 1.0760486125946045 1.0930032730102539 1.0940538644790649 1.0841032266616821 1.0984758138656616 1.0496107339859009 1.1057345867156982 1.0554027557373047 1.0640404224395752 1.0878312587738037 1.0511648654937744 1.0840543508529663 1.0638585090637207 1.0789868831634521 1.0879807472229004 1.0780265331268311 1.0718309879302979 1.1156247854232788 1.0831313133239746 1.0583930015563965 1.0716966390609741 1.0721737146377563 1.0947647094726562 1.0757538080215454 1.0731149911880493 1.0611890554428101 1.1001137495040894 1.0551189184188843 1.0355833768844604 1.0868610143661499 1.0712652206420898 1.1035788059234619 1.0602225065231323 1.0658181905746460 1.0705707073211670 1.0794720649719238 1.0651773214340210 1.0637371540069580 1.0809420347213745 1.0797985792160034
1.0544036626815796 1.0634882450103760 1.0640190839767456 1.0599334239959717 1.0818476676940918 1.0517334938049316 1.0882661342620850 1.0701018571853638 1.0677484273910522 1.0539233684539795 1.0803987979888916 1.0819664001464844 1.0799922943115234 1.0653356313705444 1.0868306159973145 1.0741701126098633 1.0877265930175781 1.0729062557220459 1.0690718889236450 1.0808933973312378 1.0707724094390869 1.0647515058517456 1.0272856950759888 1.0578820705413818 1.0604455471038818 1.0849778652191162 1.0666970014572144 1.0794167518615723 1.0713672637939453 1.0528712272644043 1.0413901805877686 1.0825031995773315 1.0821639299392700 1.0690727233886719 1.1277513504028320 1.0563542842864990 1.0907242298126221 1.0734726190567017 1.0719300508499146 1.0696823596954346 1.0473030805587769 1.0651196241378784 1.0843472480773926 1.0896335840225220 1.0784502029418945 1.0627946853637695 1.0835909843444824 1.0806913375854492 1.0871871709823608 1.0454097986221313 1.0807121992111206 1.0697857141494751 1.0699567794799805 1.0669627189636230 1.0892643928527832 1.0910292863845825 1.0884662866592407 1.0562680959701538 1.0913761854171753 1.0642824172973633 1.0556155443191528 1.0711363554000854 1.0838763713836670 1.0495736598968506 1.0794106721878052 1.0763546228408813 1.0735712051391602 1.0836396217346191 1.0597790479660034 1.0622047185897827 1.0635290145874023 1.0848277807235718 1.0764961242675781 1.0806902647018433 1.0762510299682617 1.0659632682800293 1.0681260824203491 1.0969123840332031 1.0847135782241821 1.0926390886306763 1.0590583086013794 1.0776544809341431 1.0852572917938232 1.0582902431488037 1.0985062122344971 1.0790249109268188 1.0745812654495239 1.0676383972167969 1.0844796895980835 1.1026747226715088 1.0758857727050781 1.0830425024032593 1.0856087207794189 1.0552550554275513 1.1233208179473877 1.0574696063995361 1.0831331014633179 1.0827394723892212 1.0417910814285278 1.0736926794052124 1.0518733263015747 1.0870033502578735 1.0776460170745850 1.0943337678909302 1.0548152923583984 1.1036996841430664 1.0699080228805542 1.0545198917388916 1.0704225301742554 1.0726763010025024 1.0958120822906494 1.0816466808319092 1.0708893537521362 1.0583111047744751 1.0724984407424927 1.0463095903396606 1.0534589290618896 1.0714271068572998 1.0677616596221924 1.1136038303375244 1.0478762388229370 1.0686956644058228 1.0788946151733398 1.0594937801361084 1.0737081766128540 1.0738357305526733 1.0639396905899048 1.0826710462570190
1.0623359680175781 1.0654782056808472 1.0706003904342651 1.0683920383453369 1.0856699943542480 1.0430895090103149 1.0694216489791870 1.0676848888397217 1.0557752847671509 1.0700846910476685 1.0855067968368530 1.0779018402099609 1.0884840488433838 1.0780063867568970 1.0885287523269653 1.0689595937728882 1.0779117345809937 1.0757645368576050 1.0662914514541626 1.0812894105911255 1.0757867097854614 1.0565534830093384 1.0690412521362305 1.0560100078582764 1.0727083683013916 1.0769941806793213 1.0718135833740234 1.0805605649948120 1.0798925161361694 1.0535472631454468 1.0660147666931152 1.0787566900253296 1.0820968151092529 1.0693806409835815 1.0884929895401001 1.0814535617828369 1.0837450027465820 1.0732295513153076 1.0739941596984863 1.0881444215774536 1.0692391395568848 1.0729161500930786 1.0923143625259399 1.0893764495849609 1.0771217346191406 1.0646507740020752 1.0759481191635132 1.0863378047943115 1.0765943527221680 1.0694813728332520 1.0780864953994751 1.0654742717742920 1.0622061491012573 1.0653874874114990 1.0995986461639404 1.0938528776168823 1.0921545028686523 1.0425620079040527 1.0915333032608032 1.0731488466262817 1.0439695119857788 1.0671602487564087 1.0933598279953003 1.0461227893829346 1.0937722921371460 1.0889228582382202 1.0724738836288452 1.0772303342819214 1.0325775146484375 1.0719548463821411 1.0619177818298340 1.0946525335311890 1.0838748216629028 1.0748450756072998 1.0923347473144531 1.0611468553543091 1.0481289625167847 1.0667457580566406 1.1121507883071899 1.0786409378051758 1.0577638149261475 1.0661928653717041 1.0960932970046997 1.0813786983489990 1.0957856178283691 1.0572204589843750 1.0818116664886475 1.0581492185592651 1.0696595907211304 1.0909689664840698 1.0806987285614014 1.0777332782745361 1.0864257812500000 1.0708726644515991 1.0892329216003418 1.0668469667434692 1.0585409402847290 1.0631670951843262 1.0519974231719971 1.0789964199066162 1.0783784389495850 1.0813726186752319 1.0925774574279785 1.0689766407012939 1.0592510700225830 1.0900092124938965 1.0881863832473755 1.0476034879684448 1.0495756864547729 1.0606409311294556 1.0589528083801270 1.0872347354888916 1.0767550468444824 1.0475606918334961 1.0716725587844849 1.0309174060821533 1.0341194868087769 1.0623447895050049 1.0567458868026733 1.0994788408279419 1.0673941373825073 1.0894578695297241 1.0880683660507202 1.0804127454757690 1.0715763568878174 1.0597612857818604 1.0713849067687988 1.0726635456085205
1.0557466745376587 1.0625742673873901 1.0696533918380737 1.0889012813568115 1.0830992460250854 1.0629115104675293 1.0764011144638062 1.0770605802536011 1.0427204370498657 1.0681278705596924 1.0803271532058716 1.0800623893737793 1.0888510942459106 1.0734001398086548 1.1119050979614258 1.0543476343154907 1.0659129619598389 1.0615601539611816 1.0452487468719482 1.0551007986068726 1.0826163291931152 1.0673429965972900 1.0540958642959595 1.0840324163436890 1.0736310482025146 1.0824122428894043 1.0877355337142944 1.0756669044494629 1.0567581653594971 1.0679869651794434 1.0620877742767334 1.0555905103683472 1.0952277183532715 1.0470961332321167 1.1052153110504150 1.0570132732391357 1.0986351966857910 1.0740977525711060 1.0724219083786011 1.0961635112762451 1.0628941059112549 1.0644747018814087 1.0947321653366089 1.0937947034835815 1.0870431661605835 1.0741347074508667 1.0822441577911377 1.0781724452972412 1.0812106132507324 1.0734709501266479 1.0906394720077515 1.0603194236755371 1.0792821645736694 1.0643523931503296 1.0958001613616943 1.1022231578826904 1.0881580114364624 1.0642931461334229 1.0808237791061401 1.0861703157424927 1.0769572257995605 1.0568557977676392 1.0882470607757568 1.0583871603012085 1.1000161170959473 1.1007546186447144 1.0647565126419067 1.0880305767059326 1.0623171329498291 1.0442988872528076 1.0473830699920654 1.0830951929092407 1.0610481500625610 1.0877388715744019 1.1022849082946777 1.0706698894500732 1.0449913740158081 1.1006065607070923 1.1038014888763428 1.0630279779434204 1.0832076072692871 1.0869464874267578 1.0878173112869263 1.0808418989181519 1.0832734107971191 1.0478338003158569 1.0983967781066895 1.0515213012695312 1.0630624294281006 1.0936948060989380 1.0855441093444824 1.0682759284973145 1.0919977426528931 1.0723094940185547 1.0815721750259399 1.0610978603363037 1.0643256902694702 1.0811713933944702 1.0623953342437744 1.0717216730117798 1.0685540437698364 1.0853440761566162 1.0991504192352295 1.0682182312011719 1.0639481544494629 1.0876199007034302 1.0610134601593018 1.0597482919692993 1.0594416856765747 1.0795557498931885 1.0579719543457031 1.0671273469924927 1.0564121007919312 1.0631836652755737 1.0724426507949829 1.0763970613479614 1.0338524580001831 1.0488340854644775 1.0346864461898804 1.1021699905395508 1.0761270523071289 1.0839068889617920 1.0686010122299194 1.0557790994644165 1.0633441209793091 1.0736979246139526 1.0680627822875977 1.0751481056213379
1.0530976057052612 1.0817314386367798 1.0525664091110229 1.0777754783630371 1.0765970945358276 1.0719637870788574 1.0954517126083374 1.0836335420608521 1.0489000082015991 1.0765594244003296 1.0769995450973511 1.0827358961105347 1.0850068330764771 1.0915151834487915 1.1095508337020874 1.0625994205474854 1.0641977787017822 1.0834465026855469 1.0381861925125122 1.0825850963592529 1.0745637416839600 1.0447711944580078 1.0605608224868774 1.0808769464492798 1.0512816905975342 1.0775948762893677 1.0736126899719238 1.0663475990295410 1.0674809217453003 1.0630381107330322 1.0651035308837891 1.0636565685272217 1.0832266807556152 1.0758417844772339 1.0937275886535645 1.0744606256484985 1.0886094570159912 1.0597665309906006 1.0638262033462524 1.0810699462890625 1.0921977758407593 1.0663050413131714 1.0892601013183594 1.0853968858718872 1.0824930667877197 1.0744374990463257 1.0649110078811646 1.0738712549209595 1.0741595029830933 1.0615451335906982 1.0821598768234253 1.0623540878295898 1.0782691240310669 1.0725759267807007 1.0981297492980957 1.1032552719116211 1.0766037702560425 1.0489751100540161 1.0794712305068970 1.0711917877197266 1.0603125095367432 1.0695850849151611 1.0934548377990723 1.0714474916458130 1.0935509204864502 1.0947946310043335 1.0707541704177856 1.0775945186614990 1.0643615722656250 1.0641824007034302 1.0309755802154541 1.0875880718231201 1.0635696649551392 1.0861127376556396 1.0852978229522705 1.0600892305374146 1.0611360073089600 1.1017550230026245 1.0900294780731201 1.0784486532211304 1.0713691711425781 1.0817270278930664 1.0872036218643188 1.0929279327392578 1.0791815519332886 1.0571187734603882 1.0908445119857788 1.0540320873260498 1.0877144336700439 1.0870947837829590 1.0832731723785400 1.0569350719451904 1.0744962692260742 1.0580506324768066 1.0862677097320557 1.0575599670410156 1.0515898466110229 1.0748249292373657 1.0569721460342407 1.0843783617019653 1.0639864206314087 1.0598419904708862 1.0754804611206055 1.0640739202499390 1.0574226379394531 1.0718520879745483 1.0701421499252319 1.0601744651794434 1.0730494260787964 1.0701850652694702 1.0431402921676636 1.0749461650848389 1.0745574235916138 1.0577085018157959 1.0782012939453125 1.0754044055938721 1.0517209768295288 1.0666102170944214 1.0343624353408813 1.0772856473922729 1.0943888425827026 1.0816648006439209 1.0555151700973511 1.0555049180984497 1.0615659952163696 1.0637643337249756 1.0745593309402466 1.0663882493972778
1.0575147867202759 1.0737828016281128 1.0636947154998779 1.0944780111312866 1.0803517103195190 1.0909018516540527 1.1073596477508545 1.0881985425949097 1.0565402507781982 1.0651905536651611 1.0796054601669312 1.0811681747436523 1.0744497776031494 1.0762842893600464 1.1055784225463867 1.0520079135894775 1.0495545864105225 1.0580590963363647 1.0454745292663574 1.0719252824783325 1.0778287649154663 1.0752700567245483 1.0652217864990234 1.0563634634017944 1.0497142076492310 1.0773911476135254 1.0677423477172852 1.0784003734588623 1.0716824531555176 1.0688412189483643 1.0606968402862549 1.0496274232864380 1.0848541259765625 1.0591220855712891 1.0869048833847046 1.0704663991928101 1.0952740907669067 1.0727930068969727 1.0875400304794312 1.0730024576187134 1.0791275501251221 1.0759956836700439 1.0725531578063965 1.0912668704986572 1.0762792825698853 1.0878856182098389 1.0816215276718140 1.0832920074462891 1.0632361173629761 1.0636755228042603 1.0739928483963013 1.0530345439910889 1.0751707553863525 1.0874636173248291 1.0946546792984009 1.0894773006439209 1.0585564374923706 1.0655291080474854 1.0870786905288696 1.1074522733688354 1.0782393217086792 1.0780811309814453 1.0768804550170898 1.0616151094436646 1.0856992006301880 1.0857216119766235 1.0738407373428345 1.0871602296829224 1.0673927068710327 1.0567924976348877 1.0442523956298828 1.0761241912841797 1.0593928098678589 1.0643620491027832 1.1005269289016724 1.0759998559951782 1.0551337003707886 1.0871157646179199 1.0871279239654541 1.0752569437026978 1.0852243900299072 1.0842969417572021 1.0780755281448364 1.0657917261123657 1.0773339271545410 1.0358431339263916 1.0934054851531982 1.0635163784027100 1.0745687484741211 1.0764926671981812 1.0705000162124634 1.0562632083892822 1.0706075429916382 1.0385836362838745 1.0763237476348877 1.0432928800582886 1.0751491785049438 1.0795402526855469 1.0562999248504639 1.0954071283340454 1.0618966817855835 1.0433044433593750 1.0748455524444580 1.0552759170532227 1.0499283075332642 1.0902941226959229 1.0696059465408325 1.0428432226181030 1.0558679103851318 1.0462263822555542 1.0450806617736816 1.0723787546157837 1.0722107887268066 1.0655561685562134 1.0471503734588623 1.0642087459564209 1.0450588464736938 1.0681575536727905 1.0247153043746948 1.0709999799728394 1.0903104543685913 1.0693968534469604 1.0476243495941162 1.0503276586532593 1.0460298061370850 1.0741417407989502 1.0633331537246704 1.0529949665069580
1.0542455911636353 1.0911880731582642 1.0453193187713623 1.0763828754425049 1.0821887254714966 1.0715910196304321 1.1026499271392822 1.0826348066329956 1.0610817670822144 1.0835596323013306 1.0852463245391846 1.0844898223876953 1.0806384086608887 1.1003981828689575 1.1099200248718262 1.0430295467376709 1.0417133569717407 1.0726178884506226 1.0487884283065796 1.0684243440628052 1.0682410001754761 1.0447539091110229 1.0727276802062988 1.0459676980972290 1.0770841836929321 1.0859420299530029 1.0771888494491577 1.0687330961227417 1.0680875778198242 1.0730121135711670 1.0518186092376709 1.0452150106430054 1.0814013481140137 1.0746654272079468 1.0967704057693481 1.0517390966415405 1.0674016475677490 1.0699268579483032 1.0883784294128418 1.0597184896469116 1.0807008743286133 1.0788305997848511 1.0758823156356812 1.0656067132949829 1.0726190805435181 1.0832668542861938 1.0788851976394653 1.0607433319091797 1.0716557502746582 1.0803740024566650 1.0683294534683228 1.0310854911804199 1.0632032155990601 1.1020965576171875 1.0804260969161987 1.0758129358291626 1.0796992778778076 1.0571415424346924 1.0587270259857178 1.0727605819702148 1.0653809309005737 1.0738956928253174 1.0700800418853760 1.0407112836837769 1.1040097475051880 1.0811244249343872 1.0705686807632446 1.0817751884460449 1.0645282268524170 1.0723344087600708 1.0727571249008179 1.0630781650543213 1.0512900352478027 1.0764714479446411 1.0531491041183472 1.0513368844985962 1.0375515222549438 1.0908348560333252 1.0562112331390381 1.0626845359802246 1.0831890106201172 1.0427378416061401 1.0608468055725098 1.0533713102340698 1.0524338483810425 1.0191788673400879 1.0664972066879272 1.0604306459426880 1.0779865980148315 1.0746356248855591 1.0448870658874512 1.0253731012344360 1.0558660030364990 1.0426238775253296 1.0399525165557861 1.0229181051254272 1.0762428045272827 1.0504937171936035 1.0485345125198364 1.0469869375228882 1.0465856790542603 1.0298427343368530 1.0490962266921997 1.0430438518524170 1.0620027780532837 1.0602312088012695 1.0325475931167603 1.0413243770599365 1.0591808557510376 1.0266563892364502 1.0546821355819702 1.0702925920486450 1.0658477544784546 1.0473756790161133 1.0487486124038696 1.0327105522155762 1.0449408292770386 1.0564020872116089 1.0363289117813110 1.0609669685363770 1.0836496353149414 1.0345190763473511 1.0319027900695801 1.0345013141632080 1.0402047634124756 1.0749380588531494 1.0688887834548950 1.0460008382797241
1.1350257396697998 1.3994107246398926 1.2799772024154663 1.4518945217132568 1.4440031051635742 1.3888473510742188 1.3181843757629395 1.2071840763092041 1.0760186910629272 1.0977104902267456 1.2902386188507080 1.3175451755523682 1.2997153997421265 1.3224049806594849 1.5792597532272339 1.1417552232742310 1.1731886863708496 1.3126577138900757 1.0336149930953979 1.1353942155838013 1.2138491868972778 1.1991813182830811 1.1705389022827148 0.9872364997863770 1.1331415176391602 1.4069116115570068 1.3606022596359253 1.2420331239700317 1.2691582441329956 1.4184792041778564 1.2440364360809326 1.1067487001419067 1.1120955944061279 1.2978702783584595 1.1879445314407349 1.0445364713668823 1.1860424280166626 1.2712738513946533 1.4155604839324951 1.2737886905670166 1.2063344717025757 1.4557192325592041 1.2064076662063599 1.3232839107513428 1.3267633914947510 1.2219533920288086 1.2309155464172363 1.1702585220336914 1.1160370111465454 1.3290432691574097 1.2310870885848999 1.0105051994323730 1.1357212066650391 1.3191065788269043 1.1869819164276123 1.2487373352050781 1.1053645610809326 1.1151978969573975 1.2722409963607788 1.4029128551483154 1.2772752046585083 1.2940937280654907 1.2443968057632446 1.1306078433990479 1.5000219345092773 1.4708567857742310 1.2583926916122437 1.4059095382690430 1.6345373392105103 1.1499489545822144 1.2613375186920166 1.1549555063247681 1.3681408166885376 1.1566125154495239 1.1125786304473877 1.0967656373977661 1.1104556322097778 1.1514796018600464 1.1108613014221191 1.1686083078384399 1.4207105636596680 1.1150609254837036 0.9907204508781433 1.0397329330444336 1.0607063770294189 1.0043996572494507 1.0772182941436768 1.0769766569137573 1.3211354017257690 1.0647673606872559 1.0946499109268188 1.0993744134902954 1.1173584461212158 1.0579072237014771 1.1262218952178955 1.0776450634002686 1.2247202396392822 1.0370091199874878 1.0922558307647705 1.1181740760803223 1.1068665981292725 1.0708249807357788 1.1616798639297485 1.1047163009643555 1.2289947271347046 1.1090327501296997 1.0258820056915283 1.0328527688980103 1.0363675355911255 1.0529812574386597 1.0077695846557617 1.1283478736877441 1.3570060729980469 1.0755014419555664 1.0315704345703125 1.1053655147552490 1.1074171066284180 1.0716732740402222 1.0369007587432861 1.1187671422958374 1.1491078138351440 1.1009000539779663 0.9843289852142334 1.1058558225631714 1.0474512577056885 1.1223737001419067 1.0487858057022095 1.0640507936477661
